4305.939941	1734.25744628906
4307.188477	1737.10864257813
4308.437012	1739.95568847656
4309.685547	1742.79626464844
4310.933594	1745.62048339844
4312.182129	1748.43884277344
4313.430664	1751.25244140625
4314.679199	1754.06201171875
4315.927734	1756.85815429688
4317.176270	1759.64892578125
4318.424805	1762.43542480469
4319.673340	1765.21752929688
4320.921875	1767.98693847656
4322.170410	1770.75146484375
4323.418945	1773.51147460938
4324.667480	1776.267578125
4325.915527	1779.01208496094
4327.164063	1781.75219726563
4328.412598	1784.48803710938
4329.661133	1787.21984863281
4330.909668	1789.94189453125
4332.158203	1792.65966796875
4333.406738	1795.37316894531
4334.655273	1798.08276367188
4335.903809	1800.78405761719
4337.152344	1803.48107910156
4338.400879	1806.17419433594
4339.648926	1808.86340332031
4340.897461	1811.54577636719
4342.145996	1814.22412109375
4343.394531	1816.89904785156
4344.643066	1819.5703125
4345.891602	1822.23596191406
4347.140137	1824.89794921875
4348.388672	1827.55651855469
4349.637207	1830.21166992188
4350.885742	1832.86267089844
4352.134277	1835.51037597656
4353.382813	1838.15478515625
4354.630859	1840.79553222656
4355.879395	1843.43408203125
4357.127930	1846.06945800781
4358.376465	1848.70202636719
4359.625000	1851.33142089844
4360.873535	1853.95959472656
4362.122070	1856.58508300781
4363.370605	1859.20751953125
4364.619141	1861.82739257813
4365.867676	1864.44763183594
4367.116211	1867.06530761719
4368.364258	1869.68005371094
4369.612793	1872.29248046875
4370.861328	1874.90698242188
4372.109863	1877.51928710938
4373.358398	1880.12902832031
4374.606934	1882.73669433594
4375.855469	1885.34777832031
4377.104004	1887.95703125
4378.352539	1890.56408691406
4379.601074	1893.16906738281
4380.849609	1895.77905273438
4382.098145	1898.38757324219
4383.346191	1900.99389648438
4384.594727	1903.5986328125
4385.843262	1906.21020507813
4387.091797	1908.82055664063
4388.340332	1911.42932128906
4389.588867	1914.03649902344
4390.837402	1916.65197753906
4392.085938	1919.2666015625
4393.334473	1921.8798828125
4394.583008	1924.49182128906
4395.831543	1927.11389160156
4397.080078	1929.73559570313
4398.328125	1932.35559082031
4399.576660	1934.97497558594
4400.825195	1937.60607910156
4402.073730	1940.23718261719
4403.322266	1942.86755371094
4404.570801	1945.49682617188
4405.819336	1948.13977050781
4407.067871	1950.783203125
4408.316406	1953.42590332031
4409.564941	1956.06799316406
4410.813477	1958.7255859375
4412.061523	1961.38342285156
4413.310059	1964.04138183594
4414.558594	1966.69909667969
4415.807129	1969.3740234375
4417.055664	1972.04992675781
4418.304199	1974.72595214844
4419.552734	1977.40197753906
4420.801270	1980.09692382813
4422.049805	1982.79357910156
4423.298340	1985.49047851563
4424.546875	1988.18774414063
4425.795410	1990.90576171875
4427.043457	1993.62548828125
4428.291992	1996.34619140625
4429.540527	1999.06762695313
4430.789063	2001.81164550781
4432.037598	2004.55822753906
4433.286133	2007.30590820313
4434.534668	2010.05432128906
4435.783203	2012.82775878906
4437.031738	2015.60388183594
4438.280273	2018.38159179688
4439.528809	2021.16027832031
4440.776855	2023.96520996094
4442.025391	2026.77429199219
4443.273926	2029.58483886719
4444.522461	2032.39697265625
4445.770996	2035.23803710938
4447.019531	2038.0830078125
4448.268066	2040.9296875
4449.516602	2043.77856445313
4450.765137	2046.65673828125
4452.013672	2049.53955078125
4453.262207	2052.423828125
4454.510742	2055.31030273438
4455.758789	2058.224609375
4457.007324	2061.1435546875
4458.255859	2064.06420898438
4459.504395	2066.98681640625
4460.752930	2069.9365234375
4462.001465	2072.89038085938
4463.250000	2075.845703125
4464.498535	2078.80297851563
4465.747070	2081.7861328125
4466.995605	2084.77319335938
4468.244141	2087.76147460938
4469.492188	2090.75122070313
4470.740723	2093.76611328125
4471.989258	2096.78466796875
4473.237793	2099.8046875
4474.486328	2102.82641601563
4475.734863	2105.87133789063
4476.983398	2108.91967773438
4478.231934	2111.96948242188
4479.480469	2115.0205078125
4480.729004	2118.09423828125
4481.977539	2121.17065429688
4483.226074	2124.24853515625
4484.474121	2127.32690429688
4485.722656	2130.42700195313
4486.971191	2133.53002929688
4488.219727	2136.63427734375
4489.468262	2139.73950195313
4490.716797	2142.8642578125
4491.965332	2145.99169921875
4493.213867	2149.12036132813
4494.462402	2152.25
4495.710938	2155.39770507813
4496.959473	2158.5478515625
4498.207520	2161.6982421875
4499.456055	2164.85034179688
4500.704590	2168.01928710938
4501.953125	2171.18994140625
4503.201660	2174.36181640625
4504.450195	2177.5341796875
4505.698730	2180.72192382813
4506.947266	2183.91162109375
4508.195801	2187.10180664063
4509.444336	2190.29272460938
4510.692871	2193.49755859375
4511.941406	2196.70385742188
4513.189453	2199.91015625
4514.437988	2203.11743164063
4515.686523	2206.33715820313
4516.935059	2209.55834960938
4518.183594	2212.77954101563
4519.432129	2216.00122070313
4520.680664	2219.2333984375
4521.929199	2222.466796875
4523.177734	2225.7001953125
4524.426270	2228.93383789063
4525.674805	2232.1767578125
4526.922852	2235.41967773438
4528.171387	2238.66333007813
4529.419922	2241.90698242188
4530.668457	2245.15795898438
4531.916992	2248.40942382813
4533.165527	2251.66064453125
4534.414063	2254.91186523438
4535.662598	2258.16870117188
4536.911133	2261.42553710938
4538.159668	2264.68212890625
4539.408203	2267.93823242188
4540.656738	2271.19848632813
4541.904785	2274.45776367188
4543.153320	2277.71728515625
4544.401855	2280.97607421875
4545.650391	2284.2373046875
4546.898926	2287.49780273438
4548.147461	2290.7578125
4549.395996	2294.0166015625
4550.644531	2297.27612304688
4551.893066	2300.53466796875
4553.141602	2303.79223632813
4554.390137	2307.04858398438
4555.638184	2310.30297851563
4556.886719	2313.55688476563
4558.135254	2316.80932617188
4559.383789	2320.060546875
4560.632324	2323.30859375
4561.880859	2326.55517578125
4563.129395	2329.80029296875
4564.377930	2333.04345703125
4565.626465	2336.28173828125
4566.875000	2339.51806640625
4568.123535	2342.75219726563
4569.372070	2345.98461914063
4570.620117	2349.20971679688
4571.868652	2352.4326171875
4573.117188	2355.6533203125
4574.365723	2358.8720703125
4575.614258	2362.08203125
4576.862793	2365.28881835938
4578.111328	2368.49365234375
4579.359863	2371.69555664063
4580.608398	2374.88671875
4581.856934	2378.07446289063
4583.105469	2381.25952148438
4584.354004	2384.44189453125
4585.602051	2387.61010742188
4586.850586	2390.77563476563
4588.099121	2393.93798828125
4589.347656	2397.09716796875
4590.596191	2400.24169921875
4591.844727	2403.38159179688
4593.093262	2406.51806640625
4594.341797	2409.65112304688
4595.590332	2412.76733398438
4596.838867	2415.87817382813
4598.087402	2418.98559570313
4599.335449	2422.08837890625
4600.583984	2425.17260742188
4601.832520	2428.25146484375
4603.081055	2431.32641601563
4604.329590	2434.39721679688
4605.578125	2437.4462890625
4606.826660	2440.48974609375
4608.075195	2443.5283203125
4609.323730	2446.56274414063
4610.572266	2449.57299804688
4611.820801	2452.5771484375
4613.069336	2455.576171875
4614.317383	2458.56982421875
4615.565918	2461.5380859375
4616.814453	2464.49926757813
4618.062988	2467.45532226563
4619.311523	2470.40625
4620.560059	2473.32836914063
4621.808594	2476.2431640625
4623.057129	2479.15234375
4624.305664	2482.0556640625
4625.554199	2484.92846679688
4626.802734	2487.79345703125
4628.050781	2490.6513671875
4629.299316	2493.50415039063
4630.547852	2496.32568359375
4631.796387	2499.13916015625
4633.044922	2501.94580078125
4634.293457	2504.74609375
4635.541992	2507.51538085938
4636.790527	2510.27587890625
4638.039063	2513.02954101563
4639.287598	2515.7763671875
4640.536133	2518.49194335938
4641.784668	2521.19897460938
4643.032715	2523.89770507813
4644.281250	2526.58984375
4645.529785	2529.25122070313
4646.778320	2531.90356445313
4648.026855	2534.54809570313
4649.275391	2537.18481445313
4650.523926	2539.79077148438
4651.772461	2542.38745117188
4653.020996	2544.97583007813
4654.269531	2547.55639648438
4655.518066	2550.10717773438
4656.766113	2552.64770507813
4658.014648	2555.18115234375
4659.263184	2557.70654296875
4660.511719	2560.20263671875
4661.760254	2562.689453125
4663.008789	2565.16845703125
4664.257324	2567.63940429688
4665.505859	2570.08178710938
4666.754395	2572.51513671875
4668.002930	2574.9404296875
4669.251465	2577.35791015625
4670.500000	2579.74755859375
4671.748047	2582.12744140625
4672.996582	2584.50024414063
4674.245117	2586.865234375
4675.493652	2589.203125
4676.742188	2591.53173828125
4677.990723	2593.85278320313
4679.239258	2596.166015625
4680.487793	2598.453125
4681.736328	2600.73071289063
4682.984863	2603.0009765625
4684.233398	2605.263671875
4685.481445	2607.50024414063
4686.729980	2609.72827148438
4687.978516	2611.94897460938
4689.227051	2614.16186523438
4690.475586	2616.35009765625
4691.724121	2618.52954101563
4692.972656	2620.701171875
4694.221191	2622.86547851563
4695.469727	2625.00561523438
4696.718262	2627.13745117188
4697.966797	2629.26171875
4699.215332	2631.37866210938
4700.463379	2633.47192382813
4701.711914	2635.55712890625
4702.960449	2637.63452148438
4704.208984	2639.70483398438
4705.457520	2641.75317382813
4706.706055	2643.79272460938
4707.954590	2645.8251953125
4709.203125	2647.85034179688
4710.451660	2649.85400390625
4711.700195	2651.849609375
4712.948730	2653.837890625
4714.196777	2655.81787109375
4715.445313	2657.7783203125
4716.693848	2659.73071289063
4717.942383	2661.67578125
4719.190918	2663.61401367188
4720.439453	2665.5322265625
4721.687988	2667.44311523438
4722.936523	2669.3466796875
4724.185059	2671.24291992188
4725.433594	2673.12084960938
4726.682129	2674.99072265625
4727.930664	2676.853515625
4729.178711	2678.708984375
4730.427246	2680.54711914063
4731.675781	2682.37768554688
4732.924316	2684.20166015625
4734.172852	2686.01879882813
4735.421387	2687.81884765625
4736.669922	2689.61157226563
4737.918457	2691.3974609375
4739.166992	2693.17651367188
4740.415527	2694.93994140625
4741.664063	2696.69580078125
4742.912109	2698.44458007813
4744.160645	2700.18701171875
4745.409180	2701.9150390625
4746.657715	2703.6357421875
4747.906250	2705.34985351563
4749.154785	2707.0576171875
4750.403320	2708.75170898438
4751.651855	2710.43896484375
4752.900391	2712.11938476563
4754.148926	2713.79321289063
4755.397461	2715.45483398438
4756.645996	2717.10913085938
4757.894043	2718.75634765625
4759.142578	2720.3984375
4760.391113	2722.02856445313
4761.639648	2723.65209960938
4762.888184	2725.26953125
4764.136719	2726.88110351563
4765.385254	2728.4814453125
4766.633789	2730.07543945313
4767.882324	2731.66357421875
4769.130859	2733.24584960938
4770.379395	2734.81811523438
4771.627930	2736.38403320313
4772.875977	2737.94360351563
4774.124512	2739.498046875
4775.373047	2741.04370117188
4776.621582	2742.58349609375
4777.870117	2744.11743164063
4779.118652	2745.6455078125
4780.367188	2747.16625976563
4781.615723	2748.68115234375
4782.864258	2750.1904296875
4784.112793	2751.6943359375
4785.361328	2753.19165039063
4786.609375	2754.68237304688
4787.857910	2756.1689453125
4789.106445	2757.64990234375
4790.354980	2759.12524414063
4791.603516	2760.59521484375
4792.852051	2762.06005859375
4794.100586	2763.51953125
4795.349121	2764.97485351563
4796.597656	2766.42456054688
4797.846191	2767.86987304688
4799.094727	2769.30981445313
4800.343262	2770.74633789063
4801.591309	2772.17700195313
4802.839844	2773.60375976563
4804.088379	2775.02563476563
4805.336914	2776.44384765625
4806.585449	2777.85717773438
4807.833984	2779.265625
4809.082520	2780.669921875
4810.331055	2782.07006835938
4811.579590	2783.4658203125
4812.828125	2784.85693359375
4814.076660	2786.24365234375
4815.324707	2787.62548828125
4816.573242	2789.00366210938
4817.821777	2790.37744140625
4819.070313	2791.74658203125
4820.318848	2793.11206054688
4821.567383	2794.47290039063
4822.815918	2795.82983398438
4824.064453	2797.18237304688
4825.312988	2798.53076171875
4826.561523	2799.87524414063
4827.810059	2801.2158203125
4829.058594	2802.5517578125
4830.306641	2803.88305664063
4831.555176	2805.2109375
4832.803711	2806.53466796875
4834.052246	2807.8544921875
4835.300781	2809.169921875
4836.549316	2810.48168945313
4837.797852	2811.7900390625
4839.046387	2813.09448242188
4840.294922	2814.39379882813
4841.543457	2815.68969726563
4842.791992	2816.982421875
4844.040039	2818.27026367188
4845.288574	2819.55419921875
4846.537109	2820.83471679688
4847.785645	2822.11181640625
4849.034180	2823.38549804688
4850.282715	2824.654296875
4851.531250	2825.91967773438
4852.779785	2827.18188476563
4854.028320	2828.44067382813
4855.276855	2829.6943359375
4856.525391	2830.94482421875
4857.773926	2832.1923828125
4859.021973	2833.43627929688
4860.270508	2834.67529296875
4861.519043	2835.91137695313
4862.767578	2837.14477539063
4864.016113	2838.37524414063
4865.264648	2839.59985351563
4866.513184	2840.82202148438
4867.761719	2842.04150390625
4869.010254	2843.25805664063
4870.258789	2844.46899414063
4871.507324	2845.67749023438
4872.755371	2846.88232421875
4874.003906	2848.08544921875
4875.252441	2849.28295898438
4876.500977	2850.4775390625
4877.749512	2851.67041015625
4878.998047	2852.86059570313
4880.246582	2854.04467773438
4881.495117	2855.2265625
4882.743652	2856.40649414063
4883.992188	2857.583984375
4885.240723	2858.7548828125
4886.489258	2859.92407226563
4887.737305	2861.09033203125
4888.985840	2862.25561523438
4890.234375	2863.41430664063
4891.482910	2864.5712890625
4892.731445	2865.72607421875
4893.979980	2866.87939453125
4895.228516	2868.02612304688
4896.477051	2869.17041015625
4897.725586	2870.31396484375
4898.974121	2871.45532226563
4900.222656	2872.59008789063
4901.470703	2873.72241210938
4902.719238	2874.85400390625
4903.967773	2875.984375
4905.216309	2877.10766601563
4906.464844	2878.2294921875
4907.713379	2879.34985351563
4908.961914	2880.46948242188
4910.210449	2881.58154296875
4911.458984	2882.6923828125
4912.707520	2883.80224609375
4913.956055	2884.9111328125
4915.204590	2886.01245117188
4916.452637	2887.11181640625
4917.701172	2888.21142578125
4918.949707	2889.31005859375
4920.198242	2890.4013671875
4921.446777	2891.4912109375
4922.695313	2892.58056640625
4923.943848	2893.66967773438
4925.192383	2894.75048828125
4926.440918	2895.83081054688
4927.689453	2896.91064453125
4928.937988	2897.990234375
4930.186035	2899.06079101563
4931.434570	2900.13134765625
4932.683105	2901.20190429688
4933.931641	2902.2724609375
4935.180176	2903.33447265625
4936.428711	2904.39624023438
4937.677246	2905.45776367188
4938.925781	2906.51953125
4940.174316	2907.57275390625
4941.422852	2908.62573242188
4942.671387	2909.67919921875
4943.919922	2910.73266601563
4945.167969	2911.77612304688
4946.416504	2912.82104492188
4947.665039	2913.86596679688
4948.913574	2914.91186523438
4950.162109	2915.9482421875
4951.410645	2916.98486328125
4952.659180	2918.02221679688
4953.907715	2919.06030273438
4955.156250	2920.08935546875
4956.404785	2921.11840820313
4957.653320	2922.1484375
4958.901367	2923.17846679688
4960.149902	2924.19970703125
4961.398438	2925.22192382813
4962.646973	2926.24487304688
4963.895508	2927.26904296875
4965.144043	2928.28369140625
4966.392578	2929.298828125
4967.641113	2930.31518554688
4968.889648	2931.33349609375
4970.138184	2932.34106445313
4971.386719	2933.35009765625
4972.635254	2934.3603515625
4973.883301	2935.37158203125
4975.131836	2936.373046875
4976.380371	2937.3759765625
4977.628906	2938.38061523438
4978.877441	2939.38696289063
4980.125977	2940.38305664063
4981.374512	2941.38037109375
4982.623047	2942.37963867188
4983.871582	2943.38110351563
4985.120117	2944.3720703125
4986.368652	2945.36499023438
4987.617188	2946.35986328125
4988.865234	2947.3564453125
4990.113770	2948.34350585938
4991.362305	2949.33251953125
4992.610840	2950.32397460938
4993.859375	2951.31787109375
4995.107910	2952.30249023438
4996.356445	2953.28857421875
4997.604980	2954.27734375
4998.853516	2955.26904296875
5000.102051	2956.25122070313
5001.350586	2957.23583984375
5002.598633	2958.22241210938
5003.847168	2959.21264648438
5005.095703	2960.19409179688
5006.344238	2961.177734375
5007.592773	2962.16455078125
5008.841309	2963.15454101563
5010.089844	2964.13525390625
5011.338379	2965.11840820313
5012.586914	2966.10473632813
5013.835449	2967.09326171875
5015.083984	2968.0732421875
5016.332520	2969.05517578125
5017.580566	2970.03857421875
5018.829102	2971.025390625
5020.077637	2972.00317382813
5021.326172	2972.98217773438
5022.574707	2973.9638671875
5023.823242	2974.94750976563
5025.071777	2975.92163085938
5026.320313	2976.89721679688
5027.568848	2977.875
5028.817383	2978.8544921875
5030.065918	2979.82421875
5031.313965	2980.79443359375
5032.562500	2981.76708984375
5033.811035	2982.7412109375
5035.059570	2983.70556640625
5036.308105	2984.67065429688
5037.556641	2985.63720703125
5038.805176	2986.60522460938
5040.053711	2987.56298828125
5041.302246	2988.52124023438
5042.550781	2989.48095703125
5043.799316	2990.44116210938
5045.047852	2991.39111328125
5046.295898	2992.34057617188
5047.544434	2993.29150390625
5048.792969	2994.24389648438
5050.041504	2995.18481445313
5051.290039	2996.12622070313
5052.538574	2997.06762695313
5053.787109	2998.01000976563
5055.035645	2998.94116210938
5056.284180	2999.8720703125
5057.532715	3000.80322265625
5058.781250	3001.734375
5060.029297	3002.65356445313
5061.277832	3003.5732421875
5062.526367	3004.49267578125
5063.774902	3005.412109375
5065.023438	3006.31982421875
5066.271973	3007.2265625
5067.520508	3008.13354492188
5068.769043	3009.03955078125
5070.017578	3009.93383789063
5071.266113	3010.8271484375
5072.514648	3011.71948242188
5073.763184	3012.611328125
5075.011230	3013.490234375
5076.259766	3014.36865234375
5077.508301	3015.24584960938
5078.756836	3016.12231445313
5080.005371	3016.98608398438
5081.253906	3017.84814453125
5082.502441	3018.708984375
5083.750977	3019.568359375
5084.999512	3020.41528320313
5086.248047	3021.26049804688
5087.496582	3022.10400390625
5088.744629	3022.9443359375
5089.993164	3023.77294921875
5091.241699	3024.59936523438
5092.490234	3025.42407226563
5093.738770	3026.24633789063
5094.987305	3027.05541992188
5096.235840	3027.86206054688
5097.484375	3028.66650390625
5098.732910	3029.46826171875
5099.981445	3030.25708007813
5101.229980	3031.04248046875
5102.478516	3031.82543945313
5103.726563	3032.60522460938
5104.975098	3033.37158203125
5106.223633	3034.134765625
5107.472168	3034.89526367188
5108.720703	3035.65258789063
5109.969238	3036.39624023438
5111.217773	3037.13598632813
5112.466309	3037.87231445313
5113.714844	3038.60571289063
5114.963379	3039.32470703125
5116.211914	3040.03979492188
5117.459961	3040.75024414063
5118.708496	3041.45776367188
5119.957031	3042.15112304688
5121.205566	3042.84008789063
5122.454102	3043.52490234375
5123.702637	3044.20581054688
5124.951172	3044.8720703125
5126.199707	3045.53369140625
5127.448242	3046.19116210938
5128.696777	3046.84375
5129.945313	3047.4814453125
5131.193848	3048.11474609375
5132.441895	3048.74194335938
5133.690430	3049.36547851563
5134.938965	3049.9736328125
5136.187500	3050.57666015625
5137.436035	3051.17456054688
5138.684570	3051.76708984375
5139.933105	3052.34448242188
5141.181641	3052.91650390625
5142.430176	3053.4833984375
5143.678711	3054.04516601563
5144.927246	3054.59155273438
5146.175293	3055.13159179688
5147.423828	3055.66748046875
5148.672363	3056.19799804688
5149.920898	3056.71337890625
5151.169434	3057.2236328125
5152.417969	3057.72827148438
5153.666504	3058.22778320313
5154.915039	3058.7119140625
5156.163574	3059.19091796875
5157.412109	3059.66430664063
5158.660645	3060.1328125
5159.909180	3060.5859375
5161.157227	3061.03295898438
5162.405762	3061.47509765625
5163.654297	3061.91235351563
5164.902832	3062.33471679688
5166.151367	3062.7509765625
5167.399902	3063.162109375
5168.648438	3063.56787109375
5169.896973	3063.958984375
5171.145508	3064.34423828125
5172.394043	3064.72412109375
5173.642578	3065.09887695313
5174.891113	3065.45849609375
5176.139160	3065.8115234375
5177.387695	3066.16040039063
5178.636230	3066.50366210938
5179.884766	3066.83227539063
5181.133301	3067.15502929688
5182.381836	3067.47241210938
5183.630371	3067.7841796875
5184.878906	3068.08154296875
5186.127441	3068.373046875
5187.375977	3068.6591796875
5188.624512	3068.93969726563
5189.872559	3069.20483398438
5191.121094	3069.46533203125
5192.369629	3069.72021484375
5193.618164	3069.96948242188
5194.866699	3070.2041015625
5196.115234	3070.4326171875
5197.363770	3070.65625
5198.612305	3070.87426757813
5199.860840	3071.07763671875
5201.109375	3071.27514648438
5202.357910	3071.46704101563
5203.606445	3071.6533203125
5204.854492	3071.82470703125
5206.103027	3071.99072265625
5207.351563	3072.1513671875
5208.600098	3072.306640625
5209.848633	3072.44702148438
5211.097168	3072.58178710938
5212.345703	3072.71118164063
5213.594238	3072.83422851563
5214.842773	3072.94384765625
5216.091309	3073.04711914063
5217.339844	3073.14453125
5218.587891	3073.23608398438
5219.836426	3073.31420898438
5221.084961	3073.38623046875
5222.333496	3073.45239257813
5223.582031	3073.51318359375
5224.830566	3073.55981445313
5226.079102	3073.6005859375
5227.327637	3073.63525390625
5228.576172	3073.66455078125
5229.824707	3073.6796875
5231.073242	3073.68872070313
5232.321777	3073.69213867188
5233.569824	3073.68896484375
5234.818359	3073.67309570313
5236.066895	3073.65063476563
5237.315430	3073.62255859375
5238.563965	3073.58935546875
5239.812500	3073.54125976563
5241.061035	3073.48754882813
5242.309570	3073.42822265625
5243.558105	3073.36303710938
5244.806641	3073.2841796875
5246.055176	3073.19921875
5247.303223	3073.107421875
5248.551758	3073.0107421875
5249.800293	3072.900390625
5251.048828	3072.78393554688
5252.297363	3072.6611328125
5253.545898	3072.533203125
5254.794434	3072.39135742188
5256.042969	3072.24340820313
5257.291504	3072.08984375
5258.540039	3071.93041992188
5259.788574	3071.75708007813
5261.037109	3071.57788085938
5262.285156	3071.39184570313
5263.533691	3071.20068359375
5264.782227	3070.99633789063
5266.030762	3070.78564453125
5267.279297	3070.56884765625
5268.527832	3070.34643554688
5269.776367	3070.1103515625
5271.024902	3069.86840820313
5272.273438	3069.62036132813
5273.521973	3069.36645507813
5274.770508	3069.09912109375
5276.018555	3068.82470703125
5277.267090	3068.54541015625
5278.515625	3068.26000976563
5279.764160	3067.96142578125
5281.012695	3067.65649414063
5282.261230	3067.34594726563
5283.509766	3067.02905273438
5284.758301	3066.69921875
5286.006836	3066.36303710938
5287.255371	3066.02075195313
5288.503906	3065.67260742188
5289.752441	3065.31127929688
5291.000488	3064.94311523438
5292.249023	3064.56958007813
5293.497559	3064.1904296875
5294.746094	3063.79760742188
5295.994629	3063.39892578125
5297.243164	3062.994140625
5298.491699	3062.58325195313
5299.740234	3062.15942382813
5300.988770	3061.72924804688
5302.237305	3061.29321289063
5303.485840	3060.85083007813
5304.733887	3060.39501953125
5305.982422	3059.93359375
5307.230957	3059.46655273438
5308.479492	3058.9931640625
5309.728027	3058.5068359375
5310.976563	3058.01416015625
5312.225098	3057.515625
5313.473633	3057.0107421875
5314.722168	3056.4931640625
5315.970703	3055.96948242188
5317.219238	3055.43969726563
5318.467773	3054.90380859375
5319.715820	3054.35473632813
5320.964355	3053.80029296875
5322.212891	3053.23950195313
5323.461426	3052.67358398438
5324.709961	3052.09594726563
5325.958496	3051.51245117188
5327.207031	3050.92358398438
5328.455566	3050.32934570313
5329.704102	3049.72412109375
5330.952637	3049.11328125
5332.201172	3048.49755859375
5333.449707	3047.87719726563
5334.697754	3047.24487304688
5335.946289	3046.60864257813
5337.194824	3045.96850585938
5338.443359	3045.32299804688
5339.691895	3044.66796875
5340.940430	3044.0078125
5342.188965	3043.34423828125
5343.437500	3042.67626953125
5344.686035	3041.9990234375
5345.934570	3041.31762695313
5347.183105	3040.63256835938
5348.431152	3039.94287109375
5349.679688	3039.24536132813
5350.928223	3038.54418945313
5352.176758	3037.83959960938
5353.425293	3037.13232421875
5354.673828	3036.41650390625
5355.922363	3035.697265625
5357.170898	3034.97534179688
5358.419434	3034.25122070313
5359.667969	3033.51879882813
5360.916504	3032.78393554688
5362.165039	3032.04663085938
5363.413086	3031.30615234375
5364.661621	3030.5595703125
5365.910156	3029.81030273438
5367.158691	3029.05932617188
5368.407227	3028.30688476563
5369.655762	3027.54736328125
5370.904297	3026.78662109375
5372.152832	3026.02416992188
5373.401367	3025.26049804688
5374.649902	3024.49072265625
5375.898438	3023.71948242188
5377.146484	3022.9462890625
5378.395020	3022.173828125
5379.643555	3021.3955078125
5380.892090	3020.61596679688
5382.140625	3019.83642578125
5383.389160	3019.056640625
5384.637695	3018.271484375
5385.886230	3017.48681640625
5387.134766	3016.70141601563
5388.383301	3015.91625976563
5389.631836	3015.12719726563
5390.880371	3014.337890625
5392.128418	3013.54858398438
5393.376953	3012.76098632813
5394.625488	3011.96899414063
5395.874023	3011.17822265625
5397.122559	3010.38793945313
5398.371094	3009.59912109375
5399.619629	3008.80688476563
5400.868164	3008.01635742188
5402.116699	3007.2265625
5403.365234	3006.43896484375
5404.613770	3005.64868164063
5405.861816	3004.85961914063
5407.110352	3004.07299804688
5408.358887	3003.28857421875
5409.607422	3002.50244140625
5410.855957	3001.71850585938
5412.104492	3000.93676757813
5413.353027	3000.15795898438
5414.601563	2999.37768554688
5415.850098	2998.6005859375
5417.098633	2997.826171875
5418.347168	2997.05444335938
5419.595703	2996.28271484375
5420.843750	2995.51342773438
5422.092285	2994.74829101563
5423.340820	2993.98681640625
5424.589355	2993.22534179688
5425.837891	2992.4677734375
5427.086426	2991.7138671875
5428.334961	2990.96435546875
5429.583496	2990.2158203125
5430.832031	2989.47143554688
5432.080566	2988.73120117188
5433.329102	2987.99560546875
5434.577148	2987.26025390625
5435.825684	2986.53002929688
5437.074219	2985.80395507813
5438.322754	2985.08227539063
5439.571289	2984.36108398438
5440.819824	2983.64428710938
5442.068359	2982.931640625
5443.316895	2982.22265625
5444.565430	2981.51513671875
5445.813965	2980.81127929688
5447.062500	2980.11157226563
5448.311035	2979.41552734375
5449.559082	2978.7197265625
5450.807617	2978.0283203125
5452.056152	2977.34057617188
5453.304688	2976.65673828125
5454.553223	2975.97338867188
5455.801758	2975.2939453125
5457.050293	2974.6181640625
5458.298828	2973.94555664063
5459.547363	2973.2744140625
5460.795898	2972.60595703125
5462.044434	2971.94116210938
5463.292480	2971.27880859375
5464.541016	2970.6181640625
5465.789551	2969.96044921875
5467.038086	2969.30639648438
5468.286621	2968.65502929688
5469.535156	2968.00463867188
5470.783691	2967.35717773438
5472.032227	2966.71313476563
5473.280762	2966.07177734375
5474.529297	2965.43139648438
5475.777832	2964.79345703125
5477.026367	2964.15844726563
5478.274414	2963.52563476563
5479.522949	2962.89379882813
5480.771484	2962.2646484375
5482.020020	2961.63818359375
5483.268555	2961.0146484375
5484.517090	2960.39111328125
5485.765625	2959.77001953125
5487.014160	2959.1513671875
5488.262695	2958.53515625
5489.511230	2957.9189453125
5490.759766	2957.30517578125
5492.007813	2956.69287109375
5493.256348	2956.08325195313
5494.504883	2955.47387695313
5495.753418	2954.86645507813
5497.001953	2954.2607421875
5498.250488	2953.65795898438
5499.499023	2953.05395507813
5500.747559	2952.4521484375
5501.996094	2951.85229492188
5503.244629	2951.25390625
5504.493164	2950.6552734375
5505.741699	2950.05786132813
5506.989746	2949.46166992188
5508.238281	2948.86767578125
5509.486816	2948.27294921875
5510.735352	2947.6796875
5511.983887	2947.08764648438
5513.232422	2946.49755859375
5514.480957	2945.90576171875
5515.729492	2945.31567382813
5516.978027	2944.72680664063
5518.226563	2944.13891601563
5519.475098	2943.5498046875
5520.723633	2942.96166992188
5521.971680	2942.37377929688
5523.220215	2941.78759765625
5524.468750	2941.2001953125
5525.717285	2940.61352539063
5526.965820	2940.02758789063
5528.214355	2939.4423828125
5529.462891	2938.85522460938
5530.711426	2938.26904296875
5531.959961	2937.68359375
5533.208496	2937.09814453125
5534.457031	2936.51098632813
5535.705078	2935.92333984375
5536.953613	2935.33715820313
5538.202148	2934.7509765625
5539.450684	2934.16284179688
5540.699219	2933.57421875
5541.947754	2932.98657226563
5543.196289	2932.3984375
5544.444824	2931.80810546875
5545.693359	2931.2177734375
5546.941895	2930.62744140625
5548.190430	2930.037109375
5549.438965	2929.44360351563
5550.687012	2928.84912109375
5551.935547	2928.25537109375
5553.184082	2927.6611328125
5554.432617	2927.06396484375
5555.681152	2926.46630859375
5556.929688	2925.8681640625
5558.178223	2925.26953125
5559.426758	2924.66723632813
5560.675293	2924.064453125
5561.923828	2923.4609375
5563.172363	2922.85693359375
5564.420410	2922.24829101563
5565.668945	2921.63940429688
5566.917480	2921.02978515625
5568.166016	2920.4189453125
5569.414551	2919.80444335938
5570.663086	2919.18872070313
5571.911621	2918.57202148438
5573.160156	2917.9541015625
5574.408691	2917.33203125
5575.657227	2916.70825195313
5576.905762	2916.08325195313
5578.154297	2915.45678710938
5579.402344	2914.82543945313
5580.650879	2914.19287109375
5581.899414	2913.55908203125
5583.147949	2912.92309570313
5584.396484	2912.28247070313
5585.645020	2911.64013671875
5586.893555	2910.99609375
5588.142090	2910.35009765625
5589.390625	2909.69921875
5590.639160	2909.04663085938
5591.887695	2908.39233398438
5593.135742	2907.7353515625
5594.384277	2907.07470703125
5595.632813	2906.41162109375
5596.881348	2905.74731445313
5598.129883	2905.08081054688
5599.378418	2904.40991210938
5600.626953	2903.73706054688
5601.875488	2903.06225585938
5603.124023	2902.3857421875
5604.372559	2901.70458984375
5605.621094	2901.021484375
5606.869629	2900.33666992188
5608.117676	2899.64965820313
5609.366211	2898.9580078125
5610.614746	2898.26513671875
5611.863281	2897.57055664063
5613.111816	2896.87426757813
5614.360352	2896.17309570313
5615.608887	2895.46997070313
5616.857422	2894.76538085938
5618.105957	2894.05883789063
5619.354492	2893.34765625
5620.603027	2892.634765625
5621.851074	2891.91943359375
5623.099609	2891.20336914063
5624.348145	2890.48266601563
5625.596680	2889.76000976563
5626.845215	2889.03564453125
5628.093750	2888.30981445313
5629.342285	2887.57885742188
5630.590820	2886.84643554688
5631.839355	2886.11206054688
5633.087891	2885.37670898438
5634.336426	2884.63623046875
5635.584961	2883.89404296875
5636.833008	2883.1494140625
5638.081543	2882.40405273438
5639.330078	2881.65405273438
5640.578613	2880.90209960938
5641.827148	2880.14868164063
5643.075684	2879.39404296875
5644.324219	2878.63452148438
5645.572754	2877.87280273438
5646.821289	2877.11010742188
5648.069824	2876.34594726563
5649.318359	2875.57666015625
5650.566406	2874.80517578125
5651.814941	2874.03271484375
5653.063477	2873.25927734375
5654.312012	2872.48022460938
5655.560547	2871.7001953125
5656.809082	2870.91870117188
5658.057617	2870.13549804688
5659.306152	2869.34741210938
5660.554688	2868.55786132813
5661.803223	2867.76684570313
5663.051758	2866.974609375
5664.300293	2866.17700195313
5665.548340	2865.37768554688
5666.796875	2864.57763671875
5668.045410	2863.77587890625
5669.293945	2862.96948242188
5670.542480	2862.16162109375
5671.791016	2861.35229492188
5673.039551	2860.54150390625
5674.288086	2859.72583007813
5675.536621	2858.90869140625
5676.785156	2858.09057617188
5678.033691	2857.27075195313
5679.281738	2856.44506835938
5680.530273	2855.619140625
5681.778809	2854.79150390625
5683.027344	2853.96313476563
5684.275879	2853.12915039063
5685.524414	2852.29418945313
5686.772949	2851.4580078125
5688.021484	2850.62036132813
5689.270020	2849.77783203125
5690.518555	2848.93383789063
5691.767090	2848.0888671875
5693.015625	2847.24243164063
5694.263672	2846.39038085938
5695.512207	2845.53759765625
5696.760742	2844.68383789063
5698.009277	2843.82885742188
5699.257813	2842.96850585938
5700.506348	2842.107421875
5701.754883	2841.24487304688
5703.003418	2840.38134765625
5704.251953	2839.51245117188
5705.500488	2838.642578125
5706.749023	2837.77124023438
5707.997070	2836.8984375
5709.245605	2836.02075195313
5710.494141	2835.14233398438
5711.742676	2834.26293945313
5712.991211	2833.38256835938
5714.239746	2832.49658203125
5715.488281	2831.60986328125
5716.736816	2830.72192382813
5717.985352	2829.83276367188
5719.233887	2828.9384765625
5720.482422	2828.04345703125
5721.730957	2827.14697265625
5722.979004	2826.2490234375
5724.227539	2825.3466796875
5725.476074	2824.44311523438
5726.724609	2823.53857421875
5727.973145	2822.63330078125
5729.221680	2821.72241210938
5730.470215	2820.81079101563
5731.718750	2819.8984375
5732.967285	2818.98486328125
5734.215820	2818.06616210938
5735.464355	2817.146484375
5736.712891	2816.22583007813
5737.960938	2815.3037109375
5739.209473	2814.376953125
5740.458008	2813.44921875
5741.706543	2812.52075195313
5742.955078	2811.59130859375
5744.203613	2810.65673828125
5745.452148	2809.72119140625
5746.700684	2808.78491210938
5747.949219	2807.84790039063
5749.197754	2806.9052734375
5750.446289	2805.96215820313
5751.694336	2805.017578125
5752.942871	2804.07299804688
5754.191406	2803.12255859375
5755.439941	2802.17163085938
5756.688477	2801.22021484375
5757.937012	2800.26782226563
5759.185547	2799.31005859375
5760.434082	2798.3515625
5761.682617	2797.392578125
5762.931152	2796.43286132813
5764.179688	2795.46752929688
5765.428223	2794.50146484375
5766.676270	2793.53442382813
5767.924805	2792.56689453125
5769.173340	2791.59448242188
5770.421875	2790.62109375
5771.670410	2789.6474609375
5772.918945	2788.67309570313
5774.167480	2787.69287109375
5775.416016	2786.71264648438
5776.664551	2785.7314453125
5777.913086	2784.75
5779.161621	2783.76293945313
5780.409668	2782.77465820313
5781.658203	2781.78686523438
5782.906738	2780.79809570313
5784.155273	2779.80395507813
5785.403809	2778.80932617188
5786.652344	2777.81396484375
5787.900879	2776.81860351563
5789.149414	2775.81762695313
5790.397949	2774.81616210938
5791.646484	2773.814453125
5792.895020	2772.81201171875
5794.143555	2771.80444335938
5795.391602	2770.79516601563
5796.640137	2769.78637695313
5797.888672	2768.77734375
5799.137207	2767.76293945313
5800.385742	2766.748046875
5801.634277	2765.73291015625
5802.882813	2764.71728515625
5804.131348	2763.6962890625
5805.379883	2762.67456054688
5806.628418	2761.65283203125
5807.876953	2760.630859375
5809.125000	2759.6025390625
5810.373535	2758.57495117188
5811.622070	2757.54663085938
5812.870605	2756.5185546875
5814.119141	2755.484375
5815.367676	2754.45043945313
5816.616211	2753.416015625
5817.864746	2752.38159179688
5819.113281	2751.34155273438
5820.361816	2750.30102539063
5821.610352	2749.26049804688
5822.858887	2748.21997070313
5824.106934	2747.17333984375
5825.355469	2746.12670898438
5826.604004	2745.08032226563
5827.852539	2744.03393554688
5829.101074	2742.98168945313
5830.349609	2741.92944335938
5831.598145	2740.87744140625
5832.846680	2739.82495117188
5834.095215	2738.7666015625
5835.343750	2737.708984375
5836.592285	2736.65087890625
5837.840332	2735.59204101563
5839.088867	2734.5283203125
5840.337402	2733.46459960938
5841.585938	2732.40112304688
5842.834473	2731.33740234375
5844.083008	2730.26806640625
5845.331543	2729.19897460938
5846.580078	2728.1298828125
5847.828613	2727.06103515625
5849.077148	2725.986328125
5850.325684	2724.912109375
5851.574219	2723.83715820313
5852.822266	2722.76245117188
5854.070801	2721.68237304688
5855.319336	2720.6025390625
5856.567871	2719.52270507813
5857.816406	2718.44311523438
5859.064941	2717.35791015625
5860.313477	2716.27270507813
5861.562012	2715.18798828125
5862.810547	2714.10302734375
5864.059082	2713.0126953125
5865.307617	2711.92236328125
5866.555664	2710.83154296875
5867.804199	2709.74145507813
5869.052734	2708.64599609375
5870.301270	2707.55053710938
5871.549805	2706.455078125
5872.798340	2705.35986328125
5874.046875	2704.25903320313
5875.295410	2703.15869140625
5876.543945	2702.05786132813
5877.792480	2700.9580078125
5879.041016	2699.85205078125
5880.289551	2698.74609375
5881.537598	2697.64013671875
5882.786133	2696.53491210938
5884.034668	2695.42358398438
5885.283203	2694.31298828125
5886.531738	2693.20239257813
5887.780273	2692.09228515625
5889.028809	2690.9765625
5890.277344	2689.86083984375
5891.525879	2688.74560546875
5892.774414	2687.63037109375
5894.022949	2686.509765625
5895.270996	2685.38818359375
5896.519531	2684.26782226563
5897.768066	2683.14794921875
5899.016602	2682.02197265625
5900.265137	2680.896484375
5901.513672	2679.771484375
5902.762207	2678.64672851563
5904.010742	2677.51586914063
5905.259277	2676.3857421875
5906.507813	2675.255859375
5907.756348	2674.12622070313
5909.004883	2672.99096679688
5910.252930	2671.85522460938
5911.501465	2670.720703125
5912.750000	2669.58642578125
5913.998535	2668.4462890625
5915.247070	2667.30639648438
5916.495605	2666.16723632813
5917.744141	2665.02807617188
5918.992676	2663.88330078125
5920.241211	2662.73901367188
5921.489746	2661.59521484375
5922.738281	2660.45190429688
5923.986816	2659.30249023438
5925.234863	2658.15258789063
5926.483398	2657.00415039063
5927.731934	2655.85595703125
5928.980469	2654.7021484375
5930.229004	2653.54858398438
5931.477539	2652.39575195313
5932.726074	2651.24291992188
5933.974609	2650.0849609375
5935.223145	2648.9267578125
5936.471680	2647.76953125
5937.720215	2646.61279296875
5938.968262	2645.44946289063
5940.216797	2644.287109375
5941.465332	2643.12548828125
5942.713867	2641.96411132813
5943.962402	2640.796875
5945.210938	2639.63012695313
5946.459473	2638.46411132813
5947.708008	2637.29858398438
5948.956543	2636.12719726563
5950.205078	2634.95654296875
5951.453613	2633.78637695313
5952.702148	2632.61669921875
5953.950195	2631.44018554688
5955.198730	2630.26513671875
5956.447266	2629.09033203125
5957.695801	2627.91674804688
5958.944336	2626.73706054688
5960.192871	2625.55786132813
5961.441406	2624.37939453125
5962.689941	2623.20166015625
5963.938477	2622.01782226563
5965.187012	2620.83447265625
5966.435547	2619.65209960938
5967.683594	2618.46948242188
5968.932129	2617.28149414063
5970.180664	2616.09423828125
5971.429199	2614.90771484375
5972.677734	2613.72192382813
5973.926270	2612.5302734375
5975.174805	2611.33935546875
5976.423340	2610.14892578125
5977.671875	2608.95922851563
5978.920410	2607.763671875
5980.168945	2606.568359375
5981.417480	2605.37451171875
5982.665527	2604.18041992188
5983.914063	2602.98095703125
5985.162598	2601.7822265625
5986.411133	2600.58471679688
5987.659668	2599.3876953125
5988.908203	2598.1845703125
5990.156738	2596.98193359375
5991.405273	2595.78051757813
5992.653809	2594.57983398438
5993.902344	2593.373046875
5995.150879	2592.16723632813
5996.398926	2590.96142578125
5997.647461	2589.75732421875
5998.895996	2588.546875
6000.144531	2587.33740234375
6001.393066	2586.12890625
6002.641602	2584.92138671875
6003.890137	2583.70751953125
6005.138672	2582.49462890625
6006.387207	2581.28247070313
6007.635742	2580.07153320313
6008.884277	2578.85424804688
6010.132813	2577.63818359375
6011.380859	2576.42236328125
6012.629395	2575.2080078125
6013.877930	2573.98754882813
6015.126465	2572.76782226563
6016.375000	2571.54956054688
6017.623535	2570.33203125
6018.872070	2569.1083984375
6020.120605	2567.8857421875
6021.369141	2566.6640625
6022.617676	2565.443359375
6023.866211	2564.216796875
6025.114258	2562.990234375
6026.362793	2561.76538085938
6027.611328	2560.54174804688
6028.859863	2559.3115234375
6030.108398	2558.08203125
6031.356934	2556.85400390625
6032.605469	2555.62646484375
6033.854004	2554.39233398438
6035.102539	2553.1591796875
6036.351074	2551.92700195313
6037.599609	2550.6953125
6038.848145	2549.45678710938
6040.096191	2548.21875
6041.344727	2546.98168945313
6042.593262	2545.74536132813
6043.841797	2544.501953125
6045.090332	2543.25952148438
6046.338867	2542.01733398438
6047.587402	2540.77612304688
6048.835938	2539.52758789063
6050.084473	2538.27978515625
6051.333008	2537.03198242188
6052.581543	2535.78515625
6053.829590	2534.53002929688
6055.078125	2533.27612304688
6056.326660	2532.0224609375
6057.575195	2530.76904296875
6058.823730	2529.50854492188
6060.072266	2528.24829101563
6061.320801	2526.98803710938
6062.569336	2525.72802734375
6063.817871	2524.46044921875
6065.066406	2523.19311523438
6066.314941	2521.92578125
6067.563477	2520.65869140625
6068.811523	2519.38305664063
6070.060059	2518.1083984375
6071.308594	2516.83349609375
6072.557129	2515.55883789063
6073.805664	2514.27587890625
6075.054199	2512.9931640625
6076.302734	2511.71020507813
6077.551270	2510.42724609375
6078.799805	2509.1357421875
6080.048340	2507.84448242188
6081.296875	2506.552734375
6082.544922	2505.26025390625
6083.793457	2503.96020507813
6085.041992	2502.65966796875
6086.290527	2501.35888671875
6087.539063	2500.0576171875
6088.787598	2498.748046875
6090.036133	2497.43798828125
6091.284668	2496.12768554688
6092.533203	2494.81640625
6093.781738	2493.49682617188
6095.030273	2492.1767578125
6096.278809	2490.85595703125
6097.526855	2489.53393554688
6098.775391	2488.20361328125
6100.023926	2486.87280273438
6101.272461	2485.541015625
6102.520996	2484.208984375
6103.769531	2482.86767578125
6105.018066	2481.52563476563
6106.266602	2480.18237304688
6107.515137	2478.83862304688
6108.763672	2477.48559570313
6110.012207	2476.13159179688
6111.260742	2474.77685546875
6112.508789	2473.42016601563
6113.757324	2472.05517578125
6115.005859	2470.68872070313
6116.254395	2469.32153320313
6117.502930	2467.95288085938
6118.751465	2466.57470703125
6120.000000	2465.19555664063
6121.248535	2463.81518554688
6122.497070	2462.43334960938
6123.745605	2461.04223632813
6124.994141	2459.6494140625
6126.242188	2458.2548828125
6127.490723	2456.85913085938
6128.739258	2455.4541015625
6129.987793	2454.04736328125
6131.236328	2452.63916015625
6132.484863	2451.2294921875
6133.733398	2449.8095703125
6134.981934	2448.38818359375
6136.230469	2446.96508789063
6137.479004	2445.54052734375
6138.727539	2444.10546875
6139.976074	2442.6689453125
6141.224121	2441.23022460938
6142.472656	2439.78979492188
6143.721191	2438.33935546875
6144.969727	2436.88696289063
6146.218262	2435.4326171875
6147.466797	2433.9765625
6148.715332	2432.50952148438
6149.963867	2431.04077148438
6151.212402	2429.57006835938
6152.460938	2428.09716796875
6153.709473	2426.61352539063
6154.957520	2425.12744140625
6156.206055	2423.63940429688
6157.454590	2422.14916992188
6158.703125	2420.64819335938
6159.951660	2419.14477539063
6161.200195	2417.63891601563
6162.448730	2416.13110351563
6163.697266	2414.61181640625
6164.945801	2413.09057617188
6166.194336	2411.56640625
6167.442871	2410.0400390625
6168.691406	2408.50219726563
6169.939453	2406.96142578125
6171.187988	2405.41845703125
6172.436523	2403.87280273438
6173.685059	2402.31591796875
6174.933594	2400.75610351563
6176.182129	2399.19384765625
6177.430664	2397.62841796875
6178.679199	2396.05126953125
6179.927734	2394.4716796875
6181.176270	2392.88916015625
6182.424805	2391.3037109375
6183.672852	2389.70581054688
6184.921387	2388.10546875
6186.169922	2386.50219726563
6187.418457	2384.8955078125
6188.666992	2383.27709960938
6189.915527	2381.65551757813
6191.164063	2380.03076171875
6192.412598	2378.40283203125
6193.661133	2376.76245117188
6194.909668	2375.11889648438
6196.158203	2373.47216796875
6197.406738	2371.82202148438
6198.654785	2370.15893554688
6199.903320	2368.49291992188
6201.151855	2366.82348632813
6202.400391	2365.150390625
6203.648926	2363.46484375
6204.897461	2361.77587890625
6206.145996	2360.08325195313
6207.394531	2358.38671875
6208.643066	2356.67749023438
6209.891602	2354.96459960938
6211.140137	2353.248046875
6212.388184	2351.52685546875
6213.636719	2349.79345703125
6214.885254	2348.05639648438
6216.133789	2346.31494140625
6217.382324	2344.56982421875
6218.630859	2342.8115234375
6219.879395	2341.04907226563
6221.127930	2339.28295898438
6222.376465	2337.51220703125
6223.625000	2335.728515625
6224.873535	2333.9404296875
6226.122070	2332.14819335938
6227.370117	2330.35131835938
6228.618652	2328.541015625
6229.867188	2326.72680664063
6231.115723	2324.90795898438
6232.364258	2323.0849609375
6233.612793	2321.24780273438
6234.861328	2319.40649414063
6236.109863	2317.56079101563
6237.358398	2315.7099609375
6238.606934	2313.845703125
6239.855469	2311.97680664063
6241.103516	2310.1025390625
6242.352051	2308.22412109375
6243.600586	2306.33154296875
6244.849121	2304.43408203125
6246.097656	2302.53198242188
6247.346191	2300.62475585938
6248.594727	2298.70336914063
6249.843262	2296.77709960938
6251.091797	2294.84594726563
6252.340332	2292.90966796875
6253.588867	2290.95874023438
6254.837402	2289.0029296875
6256.085449	2287.0419921875
6257.333984	2285.07666015625
6258.582520	2283.09741210938
6259.831055	2281.11352539063
6261.079590	2279.12524414063
6262.328125	2277.1328125
6263.576660	2275.12622070313
6264.825195	2273.11596679688
6266.073730	2271.1015625
6267.322266	2269.0830078125
6268.570801	2267.05151367188
6269.819336	2265.01586914063
6271.067383	2262.9765625
6272.315918	2260.93383789063
6273.564453	2258.87841796875
6274.812988	2256.81958007813
6276.061523	2254.7578125
6277.310059	2252.69262695313
6278.558594	2250.61499023438
6279.807129	2248.5341796875
6281.055664	2246.45092773438
6282.304199	2244.36474609375
6283.552734	2242.2666015625
6284.800781	2240.16552734375
6286.049316	2238.06225585938
6287.297852	2235.95703125
6288.546387	2233.83984375
6289.794922	2231.720703125
6291.043457	2229.59985351563
6292.291992	2227.47680664063
6293.540527	2225.34228515625
6294.789063	2223.20654296875
6296.037598	2221.06909179688
6297.286133	2218.92993164063
6298.534668	2216.7802734375
6299.782715	2214.62866210938
6301.031250	2212.4765625
6302.279785	2210.3232421875
6303.528320	2208.15942382813
6304.776855	2205.99487304688
6306.025391	2203.82983398438
6307.273926	2201.6640625
6308.522461	2199.48852539063
6309.770996	2197.31225585938
6311.019531	2195.13623046875
6312.268066	2192.95947265625
6313.516113	2190.77294921875
6314.764648	2188.5869140625
6316.013184	2186.40112304688
6317.261719	2184.21557617188
6318.510254	2182.02099609375
6319.758789	2179.82666015625
6321.007324	2177.63330078125
6322.255859	2175.4404296875
6323.504395	2173.23876953125
6324.752930	2171.03833007813
6326.001465	2168.8388671875
6327.250000	2166.640625
6328.498047	2164.43334960938
6329.746582	2162.22802734375
6330.995117	2160.02465820313
6332.243652	2157.82275390625
6333.492188	2155.61254882813
6334.740723	2153.40478515625
6335.989258	2151.19897460938
6337.237793	2148.99536132813
6338.486328	2146.78393554688
6339.734863	2144.5751953125
6340.983398	2142.36865234375
6342.231445	2140.16430664063
6343.479980	2137.95336914063
6344.728516	2135.74536132813
6345.977051	2133.54028320313
6347.225586	2131.33837890625
6348.474121	2129.1298828125
6349.722656	2126.92456054688
6350.971191	2124.72290039063
6352.219727	2122.52465820313
6353.468262	2120.3203125
6354.716797	2118.11962890625
6355.965332	2115.92309570313
6357.213379	2113.72998046875
6358.461914	2111.53149414063
6359.710449	2109.33740234375
6360.958984	2107.14770507813
6362.207520	2104.96240234375
6363.456055	2102.77197265625
6364.704590	2100.58618164063
6365.953125	2098.40576171875
6367.201660	2096.22998046875
6368.450195	2094.04931640625
6369.698730	2091.8740234375
6370.946777	2089.70385742188
6372.195313	2087.53930664063
6373.443848	2085.37060546875
6374.692383	2083.20751953125
6375.940918	2081.05053710938
6377.189453	2078.89916992188
6378.437988	2076.744140625
6379.686523	2074.59521484375
6380.935059	2072.453125
6382.183594	2070.31713867188
6383.432129	2068.177734375
6384.680664	2066.04516601563
6385.928711	2063.91918945313
6387.177246	2061.80053710938
6388.425781	2059.67895507813
6389.674316	2057.564453125
6390.922852	2055.4580078125
6392.171387	2053.35815429688
6393.419922	2051.25634765625
6394.668457	2049.162109375
6395.916992	2047.07580566406
6397.165527	2044.99755859375
6398.414063	2042.91723632813
6399.662109	2040.84484863281
6400.910645	2038.78173828125
6402.159180	2036.72644042969
6403.407715	2034.67004394531
6404.656250	2032.62219238281
6405.904785	2030.58374023438
6407.153320	2028.55383300781
6408.401855	2026.52294921875
6409.650391	2024.50158691406
6410.898926	2022.48974609375
6412.147461	2020.48706054688
6413.395996	2018.48413085938
6414.644043	2016.49060058594
6415.892578	2014.50769042969
6417.141113	2012.53442382813
6418.389648	2010.56127929688
6419.638184	2008.59851074219
6420.886719	2006.64636230469
6422.135254	2004.70458984375
6423.383789	2002.76342773438
6424.632324	2000.83325195313
6425.880859	1998.91394042969
6427.129395	1997.00573730469
6428.377441	1995.09814453125
6429.625977	1993.20251464844
6430.874512	1991.31848144531
6432.123047	1989.44580078125
6433.371582	1987.57458496094
6434.620117	1985.71569824219
6435.868652	1983.86865234375
6437.117188	1982.03369140625
6438.365723	1980.20092773438
6439.614258	1978.38061523438
6440.862793	1976.57287597656
6442.111328	1974.77770996094
6443.359375	1972.98498535156
6444.607910	1971.20568847656
6445.856445	1969.43957519531
6447.104980	1967.68640136719
6448.353516	1965.93591308594
6449.602051	1964.19873046875
6450.850586	1962.47473144531
6452.099121	1960.76342773438
6453.347656	1959.05493164063
6454.596191	1957.35925292969
6455.844727	1955.67651367188
6457.093262	1954.00622558594
6458.341309	1952.33764648438
6459.589844	1950.6826171875
6460.838379	1949.03967285156
6462.086914	1947.40905761719
6463.335449	1945.78051757813
6464.583984	1944.1640625
6465.832520	1942.56030273438
6467.081055	1940.96813964844
6468.329590	1939.37768554688
6469.578125	1937.79956054688
6470.826660	1936.2333984375
6472.074707	1934.67834472656
6473.323242	1933.12512207031
6474.571777	1931.58361816406
6475.820313	1930.05395507813
6477.068848	1928.53552246094
6478.317383	1927.01831054688
6479.565918	1925.51257324219
6480.814453	1924.01818847656
6482.062988	1922.53491210938
6483.311523	1921.05236816406
6484.560059	1919.5810546875
6485.808594	1918.12084960938
6487.056641	1916.67102050781
6488.305176	1915.22204589844
6489.553711	1913.78393554688
6490.802246	1912.35681152344
6492.050781	1910.93981933594
6493.299316	1909.52319335938
6494.547852	1908.11730957031
6495.796387	1906.7216796875
6497.044922	1905.33618164063
6498.293457	1903.95080566406
6499.541992	1902.57568359375
6500.790039	1901.21081542969
6502.038574	1899.85571289063
6503.287109	1898.5009765625
6504.535645	1897.15649414063
6505.784180	1895.82153320313
6507.032715	1894.49645996094
6508.281250	1893.17163085938
6509.529785	1891.8564453125
6510.778320	1890.55102539063
6512.026855	1889.2548828125
6513.275391	1887.95910644531
6514.523926	1886.67309570313
6515.771973	1885.39599609375
6517.020508	1884.1279296875
6518.269043	1882.86071777344
6519.517578	1881.6025390625
6520.766113	1880.35375976563
6522.014648	1879.11340332031
6523.263184	1877.87390136719
6524.511719	1876.64331054688
6525.760254	1875.42126464844
6527.008789	1874.20776367188
6528.257324	1872.9951171875
6529.505371	1871.791015625
6530.753906	1870.59533691406
6532.002441	1869.40759277344
6533.250977	1868.2216796875
6534.499512	1867.04357910156
6535.748047	1865.87353515625
6536.996582	1864.71130371094
6538.245117	1863.55029296875
6539.493652	1862.39758300781
6540.742188	1861.25219726563
6541.990723	1860.1142578125
6543.239258	1858.97814941406
6544.487305	1857.84924316406
6545.735840	1856.72802734375
6546.984375	1855.61364746094
6548.232910	1854.50158691406
6549.481445	1853.39624023438
6550.729980	1852.29797363281
6551.978516	1851.20654296875
6553.227051	1850.11743164063
6554.475586	1849.03491210938
6555.724121	1847.95910644531
6556.972656	1846.88977050781
6558.220703	1845.82238769531
6559.469238	1844.76159667969
6560.717773	1843.70751953125
6561.966309	1842.65905761719
6563.214844	1841.61352539063
6564.463379	1840.57385253906
6565.711914	1839.54028320313
6566.960449	1838.51257324219
6568.208984	1837.48718261719
6569.457520	1836.46789550781
6570.706055	1835.45385742188
6571.954590	1834.44580078125
6573.202637	1833.43981933594
6574.451172	1832.43981933594
6575.699707	1831.44494628906
6576.948242	1830.45532226563
6578.196777	1829.46850585938
6579.445313	1828.48681640625
6580.693848	1827.50988769531
6581.942383	1826.53796386719
6583.190918	1825.56909179688
6584.439453	1824.60473632813
6585.687988	1823.64526367188
6586.936035	1822.69006347656
6588.184570	1821.73815917969
6589.433105	1820.79064941406
6590.681641	1819.84765625
6591.930176	1818.90856933594
6593.178711	1817.97265625
6594.427246	1817.041015625
6595.675781	1816.11315917969
6596.924316	1815.18920898438
6598.172852	1814.2685546875
6599.421387	1813.35180664063
6600.669922	1812.43859863281
6601.917969	1811.52856445313
6603.166504	1810.62219238281
6604.415039	1809.71948242188
6605.663574	1808.81958007813
6606.912109	1807.92297363281
6608.160645	1807.03002929688
6609.409180	1806.14001464844
6610.657715	1805.25317382813
6611.906250	1804.36901855469
6613.154785	1803.48852539063
6614.403320	1802.61083984375
6615.651367	1801.73510742188
6616.899902	1800.8623046875
6618.148438	1799.99340820313
6619.396973	1799.12658691406
6620.645508	1798.26208496094
6621.894043	1797.39990234375
6623.142578	1796.54138183594
6624.391113	1795.68481445313
6625.639648	1794.830078125
6626.888184	1793.97705078125
6628.136719	1793.12829589844
6629.385254	1792.28112792969
6630.633301	1791.43505859375
6631.881836	1790.59069824219
6633.130371	1789.75036621094
6634.378906	1788.91149902344
6635.627441	1788.07348632813
6636.875977	1787.23657226563
6638.124512	1786.40417480469
6639.373047	1785.57238769531
6640.621582	1784.74133300781
6641.870117	1783.91088867188
6643.118652	1783.08520507813
6644.366699	1782.25952148438
6645.615234	1781.43444824219
6646.863770	1780.60961914063
6648.112305	1779.78942871094
6649.360840	1778.96936035156
6650.609375	1778.14916992188
6651.857910	1777.3291015625
6653.106445	1776.51342773438
6654.354980	1775.69775390625
6655.603516	1774.88122558594
6656.852051	1774.06481933594
6658.100586	1773.25280761719
6659.348633	1772.43994140625
6660.597168	1771.62646484375
6661.845703	1770.81237792969
6663.094238	1770.00317382813
6664.342773	1769.19287109375
6665.591309	1768.38134765625
6666.839844	1767.56872558594
6668.088379	1766.76110839844
6669.336914	1765.95190429688
6670.585449	1765.14123535156
6671.833984	1764.32934570313
6673.082520	1763.52233886719
6674.330566	1762.71313476563
6675.579102	1761.90246582031
6676.827637	1761.09020996094
6678.076172	1760.28308105469
6679.324707	1759.4736328125
6680.573242	1758.66235351563
6681.821777	1757.84912109375
6683.070313	1757.04113769531
6684.318848	1756.23107910156
6685.567383	1755.41857910156
6686.815918	1754.60363769531
6688.063965	1753.79431152344
6689.312500	1752.982421875
6690.561035	1752.16796875
6691.809570	1751.35119628906
6693.058105	1750.54016113281
6694.306641	1749.72631835938
6695.555176	1748.90930175781
6696.803711	1748.08972167969
6698.052246	1747.27624511719
6699.300781	1746.45959472656
6700.549316	1745.6396484375
6701.797852	1744.81665039063
6703.045898	1743.99975585938
6704.294434	1743.17944335938
6705.542969	1742.35571289063
6706.791504	1741.52893066406
6708.040039	1740.70812988281
6709.288574	1739.88354492188
6710.537109	1739.05529785156
6711.785645	1738.22351074219
6713.034180	1737.39733886719
6714.282715	1736.5673828125
6715.531250	1735.73303222656
6716.779297	1734.89477539063
6718.027832	1734.06201171875
6719.276367	1733.224609375
6720.524902	1732.38317871094
6721.773438	1731.53771972656
6723.021973	1730.69677734375
6724.270508	1729.85119628906
6725.519043	1729.0009765625
6726.767578	1728.146484375
6728.016113	1727.29614257813
6729.264648	1726.44079589844
6730.513184	1725.58068847656
6731.761230	1724.71557617188
6733.009766	1723.85437011719
6734.258301	1722.98803710938
6735.506836	1722.11633300781
6736.755371	1721.23974609375
6738.003906	1720.36633300781
6739.252441	1719.48754882813
6740.500977	1718.60314941406
6741.749512	1717.71337890625
6742.998047	1716.82641601563
6744.246582	1715.93371582031
6745.494629	1715.03491210938
6746.743164	1714.13073730469
6747.991699	1713.22875976563
6749.240234	1712.32080078125
6750.488770	1711.40649414063
6751.737305	1710.48657226563
6752.985840	1709.56799316406
6754.234375	1708.64331054688
6755.482910	1707.7119140625
6756.731445	1706.77465820313
6757.979980	1705.83837890625
6759.228516	1704.89538574219
6760.476563	1703.94543457031
6761.725098	1702.9892578125
6762.973633	1702.03369140625
6764.222168	1701.0712890625
6765.470703	1700.10168457031
6766.719238	1699.12524414063
6767.967773	1698.14892578125
6769.216309	1697.16552734375
6770.464844	1696.17456054688
6771.713379	1695.17639160156
6772.961914	1694.17797851563
6774.209961	1693.17163085938
6775.458496	1692.15783691406
6776.707031	1691.13647460938
6777.955566	1690.11437988281
6779.204102	1689.08435058594
6780.452637	1688.04626464844
6781.701172	1687.00024414063
6782.949707	1685.953125
6784.198242	1684.89758300781
6785.446777	1683.83374023438
6786.695313	1682.76184082031
6787.943848	1681.68774414063
6789.191895	1680.60498046875
6790.440430	1679.513671875
6791.688965	1678.41418457031
6792.937500	1677.31201171875
6794.186035	1676.20092773438
6795.434570	1675.08093261719
6796.683105	1673.9521484375
6797.931641	1672.82043457031
6799.180176	1671.67944335938
6800.428711	1670.52905273438
6801.677246	1669.36975097656
6802.925293	1668.20642089844
6804.173828	1667.03381347656
6805.422363	1665.8515625
6806.670898	1664.65966796875
6807.919434	1663.46411132813
6809.167969	1662.25830078125
6810.416504	1661.04260253906
6811.665039	1659.81701660156
6812.913574	1658.58703613281
6814.162109	1657.34680175781
6815.410645	1656.0966796875
6816.659180	1654.83666992188
6817.907227	1653.57202148438
6819.155762	1652.29772949219
6820.404297	1651.01391601563
6821.652832	1649.720703125
6822.901367	1648.42321777344
6824.149902	1647.11608886719
6825.398438	1645.7998046875
6826.646973	1644.47448730469
6827.895508	1643.14501953125
6829.144043	1641.80639648438
6830.392578	1640.458984375
6831.640625	1639.1025390625
6832.889160	1637.74206542969
6834.137695	1636.37329101563
6835.386230	1634.99572753906
6836.634766	1633.60986328125
6837.883301	1632.22009277344
6839.131836	1630.82202148438
6840.380371	1629.41564941406
6841.628906	1628.00134277344
6842.877441	1626.58325195313
6844.125977	1625.15734863281
6845.374512	1623.72326660156
6846.622559	1622.28161621094
6847.871094	1620.83642578125
6849.119629	1619.3837890625
6850.368164	1617.92358398438
6851.616699	1616.4560546875
6852.865234	1614.9853515625
6854.113770	1613.50708007813
6855.362305	1612.02185058594
6856.610840	1610.52978515625
6857.859375	1609.03442382813
6859.107910	1607.5322265625
6860.356445	1606.02319335938
6861.604492	1604.50732421875
6862.853027	1602.98876953125
6864.101563	1601.46362304688
6865.350098	1599.93212890625
6866.598633	1598.39428710938
6867.847168	1596.85375976563
6869.095703	1595.30712890625
6870.344238	1593.75439453125
6871.592773	1592.19580078125
6872.841309	1590.63464355469
6874.089844	1589.06787109375
6875.337891	1587.49499511719
6876.586426	1585.9169921875
6877.834961	1584.33654785156
6879.083496	1582.75073242188
6880.332031	1581.15966796875
6881.580566	1579.5634765625
6882.829102	1577.96508789063
6884.077637	1576.36169433594
6885.326172	1574.75329589844
6886.574707	1573.14050292969
6887.823242	1571.525390625
6889.071777	1569.90600585938
6890.319824	1568.28149414063
6891.568359	1566.65307617188
6892.816895	1565.02258300781
6894.065430	1563.38830566406
6895.313965	1561.74951171875
6896.562500	1560.10717773438
6897.811035	1558.46301269531
6899.059570	1556.81506347656
6900.308105	1555.16345214844
6901.556641	1553.50817871094
6902.805176	1551.8515625
6904.053223	1550.19116210938
6905.301758	1548.52795410156
6906.550293	1546.86157226563
6907.798828	1545.19396972656
6909.047363	1543.52331542969
6910.295898	1541.84973144531
6911.544434	1540.17370605469
6912.792969	1538.49621582031
6914.041504	1536.81640625
6915.290039	1535.13415527344
6916.538574	1533.44958496094
6917.787109	1531.76416015625
6919.035156	1530.076171875
6920.283691	1528.38671875
6921.532227	1526.69519042969
6922.780762	1525.00280761719
6924.029297	1523.30895996094
6925.277832	1521.61352539063
6926.526367	1519.91638183594
6927.774902	1518.21911621094
6929.023438	1516.52062988281
6930.271973	1514.82067871094
6931.520508	1513.11975097656
6932.768555	1511.41845703125
6934.017090	1509.71643066406
6935.265625	1508.01354980469
6936.514160	1506.31042480469
6937.762695	1504.60717773438
6939.011230	1502.90356445313
6940.259766	1501.19958496094
6941.508301	1499.49536132813
6942.756836	1497.79150390625
6944.005371	1496.08752441406
6945.253906	1494.3837890625
6946.502441	1492.68005371094
6947.750488	1490.97692871094
6948.999023	1489.27429199219
6950.247559	1487.572265625
6951.496094	1485.87084960938
6952.744629	1484.17053222656
6953.993164	1482.47094726563
6955.241699	1480.7724609375
6956.490234	1479.07495117188
6957.738770	1477.37866210938
6958.987305	1475.68359375
6960.235840	1473.99011230469
6961.483887	1472.29760742188
6962.732422	1470.60693359375
6963.980957	1468.91809082031
6965.229492	1467.23107910156
6966.478027	1465.54602050781
6967.726563	1463.86279296875
6968.975098	1462.18176269531
6970.223633	1460.50305175781
6971.472168	1458.82678222656
6972.720703	1457.15246582031
6973.969238	1455.48095703125
6975.217773	1453.81213378906
6976.465820	1452.14599609375
6977.714355	1450.48217773438
6978.962891	1448.82189941406
6980.211426	1447.16467285156
6981.459961	1445.51123046875
6982.708496	1443.85998535156
6983.957031	1442.21240234375
6985.205566	1440.56860351563
6986.454102	1438.92846679688
6987.702637	1437.29150390625
6988.951172	1435.65844726563
6990.199219	1434.02954101563
6991.447754	1432.40502929688
6992.696289	1430.78369140625
6993.944824	1429.16711425781
6995.193359	1427.55505371094
6996.441895	1425.94799804688
6997.690430	1424.34436035156
6998.938965	1422.74597167969
7000.187500	1421.15258789063
7001.436035	1419.56457519531
7002.684570	1417.98010253906
7003.933105	1416.40148925781
7005.181152	1414.828125
7006.429688	1413.26086425781
7007.678223	1411.69799804688
7008.926758	1410.14086914063
7010.175293	1408.59008789063
7011.423828	1407.04565429688
7012.672363	1405.50549316406
7013.920898	1403.97192382813
7015.169434	1402.4453125
7016.417969	1400.92517089844
7017.666504	1399.41003417969
7018.915039	1397.90185546875
7020.163086	1396.40087890625
7021.411621	1394.90710449219
7022.660156	1393.41857910156
7023.908691	1391.93737792969
7025.157227	1390.4638671875
7026.405762	1388.99743652344
7027.654297	1387.53588867188
7028.902832	1386.08190917969
7030.151367	1384.63500976563
7031.399902	1383.19555664063
7032.648438	1381.76062011719
7033.896484	1380.33251953125
7035.145020	1378.912109375
7036.393555	1377.49877929688
7037.642090	1376.08959960938
7038.890625	1374.68774414063
7040.139160	1373.29321289063
7041.387695	1371.90551757813
7042.636230	1370.52197265625
7043.884766	1369.1455078125
7045.133301	1367.77612304688
7046.381836	1366.41381835938
7047.630371	1365.05493164063
7048.878418	1363.70300292969
7050.126953	1362.35827636719
7051.375488	1361.02026367188
7052.624023	1359.68591308594
7053.872559	1358.35827636719
7055.121094	1357.03784179688
7056.369629	1355.72399902344
7057.618164	1354.41333007813
7058.866699	1353.10949707031
7060.115234	1351.81262207031
7061.363770	1350.52221679688
7062.611816	1349.234375
7063.860352	1347.95385742188
7065.108887	1346.67993164063
7066.357422	1345.41247558594
7067.605957	1344.14770507813
7068.854492	1342.8896484375
7070.103027	1341.63806152344
7071.351563	1340.39282226563
7072.600098	1339.15026855469
7073.848633	1337.9140625
7075.097168	1336.6845703125
7076.345703	1335.46105957031
7077.593750	1334.23962402344
7078.842285	1333.02490234375
7080.090820	1331.81665039063
7081.339355	1330.61437988281
7082.587891	1329.4140625
7083.836426	1328.22021484375
7085.084961	1327.03259277344
7086.333496	1325.85119628906
7087.582031	1324.67126464844
7088.830566	1323.49755859375
7090.079102	1322.33020019531
7091.327148	1321.16833496094
7092.575684	1320.00830078125
7093.824219	1318.85412597656
7095.072754	1317.70629882813
7096.321289	1316.56420898438
7097.569824	1315.42333984375
7098.818359	1314.28833007813
7100.066895	1313.15942382813
7101.315430	1312.03625488281
7102.563965	1310.91381835938
7103.812500	1309.79736328125
7105.061035	1308.68676757813
7106.309082	1307.58154296875
7107.557617	1306.47717285156
7108.806152	1305.37841796875
7110.054688	1304.28576660156
7111.303223	1303.19836425781
7112.551758	1302.11120605469
7113.800293	1301.02990722656
7115.048828	1299.95422363281
7116.297363	1298.88403320313
7117.545898	1297.8134765625
7118.794434	1296.74890136719
7120.042480	1295.68933105469
7121.291016	1294.63549804688
7122.539551	1293.58129882813
7123.788086	1292.53259277344
7125.036621	1291.48937988281
7126.285156	1290.45129394531
7127.533691	1289.41259765625
7128.782227	1288.37927246094
7130.030762	1287.35131835938
7131.279297	1286.32836914063
7132.527832	1285.30444335938
7133.776367	1284.28576660156
7135.024414	1283.27233886719
7136.272949	1282.263671875
7137.521484	1281.25402832031
7138.770020	1280.24938964844
7140.018555	1279.25
7141.267090	1278.25524902344
7142.515625	1277.25891113281
7143.764160	1276.267578125
7145.012695	1275.28137207031
7146.261230	1274.29956054688
7147.509766	1273.31616210938
7148.757813	1272.33728027344
7150.006348	1271.36328125
7151.254883	1270.39392089844
7152.503418	1269.42236328125
7153.751953	1268.45544433594
7155.000488	1267.49353027344
7156.249023	1266.53552246094
7157.497559	1265.57531738281
7158.746094	1264.61962890625
7159.994629	1263.66845703125
7161.243164	1262.72131347656
7162.491699	1261.771484375
7163.739746	1260.82592773438
7164.988281	1259.88500976563
7166.236816	1258.94799804688
7167.485352	1258.00805664063
7168.733887	1257.07238769531
7169.982422	1256.14099121094
7171.230957	1255.21325683594
7172.479492	1254.28247070313
7173.728027	1253.35571289063
7174.976563	1252.43310546875
7176.225098	1251.51391601563
7177.473145	1250.59106445313
7178.721680	1249.67236328125
7179.970215	1248.75769042969
7181.218750	1247.84655761719
7182.467285	1246.93151855469
7183.715820	1246.02026367188
7184.964355	1245.11303710938
7186.212891	1244.208984375
7187.461426	1243.30114746094
7188.709961	1242.39697265625
7189.958496	1241.49658203125
7191.207031	1240.59936523438
7192.455078	1239.69812011719
7193.703613	1238.80065917969
7194.952148	1237.90673828125
7196.200684	1237.01574707031
7197.449219	1236.12121582031
7198.697754	1235.23010253906
7199.946289	1234.34228515625
7201.194824	1233.45739746094
7202.443359	1232.56884765625
7203.691895	1231.68347167969
7204.940430	1230.80139160156
7206.188965	1229.921875
7207.437012	1229.03869628906
7208.685547	1228.15881347656
7209.934082	1227.28198242188
7211.182617	1226.40783691406
7212.431152	1225.52990722656
7213.679688	1224.65515136719
7214.928223	1223.78308105469
7216.176758	1222.91345214844
7217.425293	1222.04052734375
7218.673828	1221.17004394531
7219.922363	1220.302734375
7221.170410	1219.43701171875
7222.418945	1218.56823730469
7223.667480	1217.7021484375
7224.916016	1216.83862304688
7226.164551	1215.97717285156
7227.413086	1215.11218261719
7228.661621	1214.24963378906
7229.910156	1213.38977050781
7231.158691	1212.53161621094
7232.407227	1211.67016601563
7233.655762	1210.81091308594
7234.904297	1209.95385742188
7236.152344	1209.09851074219
7237.400879	1208.23999023438
7238.649414	1207.38354492188
7239.897949	1206.52917480469
7241.146484	1205.67663574219
7242.395020	1204.82043457031
7243.643555	1203.96630859375
7244.892090	1203.11413574219
7246.140625	1202.26342773438
7247.389160	1201.40942382813
7248.637695	1200.55725097656
7249.885742	1199.70654296875
7251.134277	1198.85754394531
7252.382813	1198.0048828125
7253.631348	1197.15405273438
7254.879883	1196.30480957031
7256.128418	1195.45678710938
7257.376953	1194.60534667969
7258.625488	1193.75561523438
7259.874023	1192.90698242188
7261.122559	1192.05944824219
7262.371094	1191.20874023438
7263.619629	1190.35913085938
7264.867676	1189.51062011719
7266.116211	1188.66320800781
7267.364746	1187.8125
7268.613281	1186.962890625
7269.861816	1186.1142578125
7271.110352	1185.26647949219
7272.358887	1184.41552734375
7273.607422	1183.56530761719
7274.855957	1182.71606445313
7276.104492	1181.86743164063
7277.353027	1181.01525878906
7278.601074	1180.16381835938
7279.849609	1179.31335449219
7281.098145	1178.46313476563
7282.346680	1177.60986328125
7283.595215	1176.7568359375
7284.843750	1175.90466308594
7286.092285	1175.05261230469
7287.340820	1174.197265625
7288.589355	1173.34240722656
7289.837891	1172.48779296875
7291.086426	1171.63330078125
7292.334961	1170.775390625
7293.583008	1169.91772460938
7294.831543	1169.060546875
