4296.811523	1330.56762695313
4301.710938	1345.24291992188
4306.610352	1359.91613769531
4311.509766	1374.58471679688
4316.409180	1389.24670410156
4321.308594	1403.89978027344
4326.208008	1418.54174804688
4331.107422	1433.17028808594
4336.006836	1447.783203125
4340.906250	1462.37841796875
4345.805664	1476.95349121094
4350.705078	1491.50622558594
4355.604492	1506.03454589844
4360.503906	1520.53601074219
4365.403320	1535.00866699219
4370.302734	1549.45007324219
4375.202148	1563.85791015625
4380.101563	1578.23022460938
4385.000977	1592.56469726563
4389.900391	1606.85900878906
4394.799805	1621.11096191406
4399.699219	1635.318359375
4404.598633	1649.47900390625
4409.498047	1663.59057617188
4414.397461	1677.65087890625
4419.296875	1691.65808105469
4424.196289	1705.61096191406
4429.095703	1719.50854492188
4433.995117	1733.34973144531
4438.894531	1747.13354492188
4443.793945	1760.85888671875
4448.693359	1774.52490234375
4453.592773	1788.13037109375
4458.492188	1801.67431640625
4463.391602	1815.15576171875
4468.291016	1828.57360839844
4473.190430	1841.92687988281
4478.089844	1855.21447753906
4482.989258	1868.435546875
4487.888672	1881.5888671875
4492.788086	1894.67346191406
4497.687500	1907.68835449219
4502.586914	1920.63244628906
4507.486328	1933.50463867188
4512.385742	1946.30419921875
4517.285156	1959.02978515625
4522.184570	1971.68041992188
4527.083984	1984.25524902344
4531.983398	1996.75305175781
4536.882813	2009.17297363281
4541.782227	2021.51379394531
4546.681641	2033.77465820313
4551.581055	2045.95446777344
4556.480469	2058.05200195313
4561.379883	2070.06665039063
4566.279297	2081.9970703125
4571.178711	2093.84228515625
4576.078125	2105.60131835938
4580.977539	2117.27294921875
4585.876953	2128.8564453125
4590.776367	2140.3505859375
4595.675781	2151.75439453125
4600.575195	2163.06689453125
4605.474609	2174.287109375
4610.374023	2185.41381835938
4615.273438	2196.44604492188
4620.172852	2207.38256835938
4625.072266	2218.22290039063
4629.971680	2228.96557617188
4634.871094	2239.60986328125
4639.770508	2250.154296875
4644.669922	2260.59814453125
4649.569336	2270.9404296875
4654.468750	2281.18017578125
4659.368164	2291.31591796875
4664.267578	2301.34692382813
4669.166992	2311.2724609375
4674.066406	2321.0908203125
4678.965820	2330.80151367188
4683.865234	2340.40356445313
4688.764648	2349.8955078125
4693.664063	2359.2763671875
4698.563477	2368.54565429688
4703.462891	2377.70166015625
4708.362305	2386.74365234375
4713.261719	2395.6708984375
4718.161133	2404.48168945313
4723.060547	2413.17578125
4727.959961	2421.75146484375
4732.859375	2430.2080078125
4737.758789	2438.54443359375
4742.658203	2446.759765625
4747.557617	2454.85278320313
4752.457031	2462.822265625
4757.356445	2470.66772460938
4762.255859	2478.38793945313
4767.155273	2485.9833984375
4772.054688	2493.45458984375
4776.954102	2500.80249023438
4781.853516	2508.02783203125
4786.752930	2515.130859375
4791.652344	2522.11279296875
4796.551758	2528.97436523438
4801.451172	2535.7158203125
4806.350586	2542.33813476563
4811.250000	2548.84228515625
4816.149414	2555.228515625
4821.048828	2561.498046875
4825.948242	2567.65112304688
4830.847656	2573.6884765625
4835.747070	2579.611328125
4840.646484	2585.419921875
4845.545898	2591.11499023438
4850.445313	2596.69750976563
4855.344727	2602.16821289063
4860.244141	2607.52734375
4865.143555	2612.77612304688
4870.042969	2617.9150390625
4874.942383	2622.94482421875
4879.841797	2627.8662109375
4884.741211	2632.6796875
4889.640625	2637.38647460938
4894.540039	2641.98706054688
4899.439453	2646.48193359375
4904.338867	2650.8720703125
4909.238281	2655.15795898438
4914.137695	2659.34057617188
4919.037109	2663.42041015625
4923.936523	2667.3984375
4928.835938	2671.27514648438
4933.735352	2675.05126953125
4938.634766	2678.7275390625
4943.534180	2682.3046875
4948.433594	2685.78344726563
4953.333008	2689.16455078125
4958.232422	2692.44873046875
4963.131836	2695.63671875
4968.031250	2698.72900390625
4972.930664	2701.7265625
4977.830078	2704.63012695313
4982.729492	2707.44018554688
4987.628906	2710.15747070313
4992.528320	2712.78295898438
4997.427734	2715.31689453125
5002.327148	2717.7607421875
5007.226563	2720.11450195313
5012.125977	2722.37915039063
5017.025391	2724.55541992188
5021.924805	2726.64404296875
5026.824219	2728.64575195313
5031.723633	2730.56127929688
5036.623047	2732.39111328125
5041.522461	2734.13623046875
5046.421875	2735.79711914063
5051.321289	2737.37475585938
5056.220703	2738.86962890625
5061.120117	2740.28271484375
5066.019531	2741.6142578125
5070.918945	2742.86547851563
5075.818359	2744.03686523438
5080.717773	2745.12915039063
5085.617188	2746.14306640625
5090.516602	2747.07934570313
5095.416016	2747.9384765625
5100.315430	2748.7216796875
5105.214844	2749.42919921875
5110.114258	2750.06176757813
5115.013672	2750.62036132813
5119.913086	2751.10571289063
5124.812500	2751.51831054688
5129.711914	2751.85888671875
5134.611328	2752.12817382813
5139.510742	2752.32690429688
5144.410156	2752.4560546875
5149.309570	2752.51586914063
5154.208984	2752.50756835938
5159.108398	2752.43139648438
5164.007813	2752.28833007813
5168.907227	2752.0791015625
5173.806641	2751.80419921875
5178.706055	2751.46459960938
5183.605469	2751.06103515625
5188.504883	2750.59423828125
5193.404297	2750.06518554688
5198.303711	2749.47485351563
5203.203125	2748.82348632813
5208.102539	2748.11254882813
5213.001953	2747.34228515625
5217.901367	2746.51416015625
5222.800781	2745.62841796875
5227.700195	2744.68627929688
5232.599609	2743.6884765625
5237.499023	2742.6357421875
5242.398438	2741.52905273438
5247.297852	2740.369140625
5252.197266	2739.15673828125
5257.096680	2737.89282226563
5261.996094	2736.578125
5266.895508	2735.21362304688
5271.794922	2733.80004882813
5276.694336	2732.33813476563
5281.593750	2730.82885742188
5286.493164	2729.27294921875
5291.392578	2727.67138671875
5296.291992	2726.02490234375
5301.191406	2724.33422851563
5306.090820	2722.60034179688
5310.990234	2720.82397460938
5315.889648	2719.005859375
5320.789063	2717.14697265625
5325.688477	2715.24829101563
5330.587891	2713.310546875
5335.487305	2711.33422851563
5340.386719	2709.32055664063
5345.286133	2707.27026367188
5350.185547	2705.18408203125
5355.084961	2703.06298828125
5359.984375	2700.90771484375
5364.883789	2698.71899414063
5369.783203	2696.498046875
5374.682617	2694.2451171875
5379.582031	2691.96142578125
5384.481445	2689.64770507813
5389.380859	2687.30493164063
5394.280273	2684.93359375
5399.179688	2682.53491210938
5404.079102	2680.109375
5408.978516	2677.65795898438
5413.877930	2675.18139648438
5418.777344	2672.68090820313
5423.676758	2670.15649414063
5428.576172	2667.60888671875
5433.475586	2665.03881835938
5438.375000	2662.4462890625
5443.274414	2659.83203125
5448.173828	2657.19653320313
5453.073242	2654.5400390625
5457.972656	2651.86328125
5462.872070	2649.16650390625
5467.771484	2646.45043945313
5472.670898	2643.71533203125
5477.570313	2640.96166992188
5482.469727	2638.18994140625
5487.369141	2635.40063476563
5492.268555	2632.59423828125
5497.167969	2629.77124023438
5502.067383	2626.93212890625
5506.966797	2624.0771484375
5511.866211	2621.20703125
5516.765625	2618.32202148438
5521.665039	2615.4228515625
5526.564453	2612.509765625
5531.463867	2609.58325195313
5536.363281	2606.64404296875
5541.262695	2603.69213867188
5546.162109	2600.728515625
5551.061523	2597.75317382813
5555.960938	2594.76684570313
5560.860352	2591.76977539063
5565.759766	2588.76293945313
5570.659180	2585.74633789063
5575.558594	2582.72045898438
5580.458008	2579.68579101563
5585.357422	2576.64306640625
5590.256836	2573.59252929688
5595.156250	2570.53466796875
5600.055664	2567.46997070313
5604.955078	2564.39892578125
5609.854492	2561.32202148438
5614.753906	2558.23950195313
5619.653320	2555.15209960938
5624.552734	2552.06030273438
5629.452148	2548.96435546875
5634.351563	2545.86499023438
5639.250977	2542.76220703125
5644.150391	2539.65698242188
5649.049805	2536.54956054688
5653.949219	2533.4404296875
5658.848633	2530.330078125
5663.748047	2527.21899414063
5668.647461	2524.10766601563
5673.546875	2520.99633789063
5678.446289	2517.8857421875
5683.345703	2514.77612304688
5688.245117	2511.66772460938
5693.144531	2508.56005859375
5698.043945	2505.45263671875
5702.943359	2502.34545898438
5707.842773	2499.23828125
5712.742188	2496.13037109375
5717.641602	2493.02172851563
5722.541016	2489.91186523438
5727.440430	2486.80053710938
5732.339844	2483.6875
5737.239258	2480.572265625
5742.138672	2477.45458984375
5747.038086	2474.33447265625
5751.937500	2471.2109375
5756.836914	2468.08422851563
5761.736328	2464.95385742188
5766.635742	2461.8193359375
5771.535156	2458.6806640625
5776.434570	2455.53735351563
5781.333984	2452.38891601563
5786.233398	2449.2353515625
5791.132813	2446.076171875
5796.032227	2442.9111328125
5800.931641	2439.73974609375
5805.831055	2436.56201171875
5810.730469	2433.37719726563
5815.629883	2430.18530273438
5820.529297	2426.98608398438
5825.428711	2423.77880859375
5830.328125	2420.5634765625
5835.227539	2417.33959960938
5840.126953	2414.10717773438
5845.026367	2410.86547851563
5849.925781	2407.61450195313
5854.825195	2404.35400390625
5859.724609	2401.08325195313
5864.624023	2397.80200195313
5869.523438	2394.51025390625
5874.422852	2391.20751953125
5879.322266	2387.8935546875
5884.221680	2384.56787109375
5889.121094	2381.23022460938
5894.020508	2377.88037109375
5898.919922	2374.51806640625
5903.819336	2371.142578125
5908.718750	2367.75415039063
5913.618164	2364.35205078125
5918.517578	2360.93627929688
5923.416992	2357.50610351563
5928.316406	2354.06176757813
5933.215820	2350.60229492188
5938.115234	2347.1279296875
5943.014648	2343.63818359375
5947.914063	2340.13256835938
5952.813477	2336.61083984375
5957.712891	2333.07275390625
5962.612305	2329.51806640625
5967.511719	2325.9462890625
5972.411133	2322.35717773438
5977.310547	2318.75048828125
5982.209961	2315.1259765625
5987.109375	2311.48291015625
5992.008789	2307.8212890625
5996.908203	2304.14086914063
6001.807617	2300.44116210938
6006.707031	2296.72192382813
6011.606445	2292.98266601563
6016.505859	2289.22338867188
6021.405273	2285.443359375
6026.304688	2281.64282226563
6031.204102	2277.82104492188
6036.103516	2273.97778320313
6041.002930	2270.11254882813
6045.902344	2266.2255859375
6050.801758	2262.31591796875
6055.701172	2258.3837890625
6060.600586	2254.42846679688
6065.500000	2250.44970703125
6070.399414	2246.447265625
6075.298828	2242.4208984375
6080.198242	2238.37036132813
6085.097656	2234.29541015625
6089.997070	2230.19653320313
6094.896484	2226.07446289063
6099.795898	2221.92919921875
6104.695313	2217.76123046875
6109.594727	2213.57104492188
6114.494141	2209.35913085938
6119.393555	2205.12573242188
6124.292969	2200.87133789063
6129.192383	2196.59619140625
6134.091797	2192.30078125
6138.991211	2187.98583984375
6143.890625	2183.65112304688
6148.790039	2179.29760742188
6153.689453	2174.92553710938
6158.588867	2170.53515625
6163.488281	2166.126953125
6168.387695	2161.70166015625
6173.287109	2157.25903320313
6178.186523	2152.80004882813
6183.085938	2148.32470703125
6187.985352	2143.83349609375
6192.884766	2139.3271484375
6197.784180	2134.80590820313
6202.683594	2130.26977539063
6207.583008	2125.7197265625
6212.482422	2121.15576171875
6217.381836	2116.57861328125
6222.281250	2111.98852539063
6227.180664	2107.3857421875
6232.080078	2102.77099609375
6236.979492	2098.14428710938
6241.878906	2093.50659179688
6246.778320	2088.85766601563
6251.677734	2084.1982421875
6256.577148	2079.52880859375
6261.476563	2074.849609375
6266.375977	2070.1611328125
6271.275391	2065.4638671875
6276.174805	2060.7578125
6281.074219	2056.0439453125
6285.973633	2051.322265625
6290.873047	2046.59326171875
6295.772461	2041.857421875
6300.671875	2037.11499023438
6305.571289	2032.36657714844
6310.470703	2027.61254882813
6315.370117	2022.85314941406
6320.269531	2018.08898925781
6325.168945	2013.3203125
6330.068359	2008.54760742188
6334.967773	2003.77124023438
6339.867188	1998.99157714844
6344.766602	1994.20910644531
6349.666016	1989.42419433594
6354.565430	1984.63720703125
6359.464844	1979.8486328125
6364.364258	1975.05883789063
6369.263672	1970.26818847656
6374.163086	1965.47717285156
6379.062500	1960.68566894531
6383.961914	1955.8935546875
6388.861328	1951.10070800781
6393.760742	1946.30688476563
6398.660156	1941.51196289063
6403.559570	1936.71569824219
6408.458984	1931.91796875
6413.358398	1927.11865234375
6418.257813	1922.31750488281
6423.157227	1917.51440429688
6428.056641	1912.70910644531
6432.956055	1907.90148925781
6437.855469	1903.09143066406
6442.754883	1898.27868652344
6447.654297	1893.46301269531
6452.553711	1888.64440917969
6457.453125	1883.82250976563
6462.352539	1878.99731445313
6467.251953	1874.16857910156
6472.151367	1869.33605957031
6477.050781	1864.49975585938
6481.950195	1859.65930175781
6486.849609	1854.81469726563
6491.749023	1849.96557617188
6496.648438	1845.11193847656
6501.547852	1840.25354003906
6506.447266	1835.39025878906
6511.346680	1830.52185058594
6516.246094	1825.64819335938
6521.145508	1820.76904296875
6526.044922	1815.88427734375
6530.944336	1810.99377441406
6535.843750	1806.09729003906
6540.743164	1801.19470214844
6545.642578	1796.28576660156
6550.541992	1791.37023925781
6555.441406	1786.4482421875
6560.340820	1781.51928710938
6565.240234	1776.58337402344
6570.139648	1771.64025878906
6575.039063	1766.68981933594
6579.938477	1761.73193359375
6584.837891	1756.76623535156
6589.737305	1751.79272460938
6594.636719	1746.81115722656
6599.536133	1741.82141113281
6604.435547	1736.8232421875
6609.334961	1731.81652832031
6614.234375	1726.80114746094
6619.133789	1721.77673339844
6624.033203	1716.74328613281
6628.932617	1711.70068359375
6633.832031	1706.64855957031
6638.731445	1701.58679199219
6643.630859	1696.51538085938
6648.530273	1691.43395996094
6653.429688	1686.34240722656
6658.329102	1681.24060058594
6663.228516	1676.12829589844
6668.127930	1671.00537109375
6673.027344	1665.87158203125
6677.926758	1660.72692871094
6682.826172	1655.57104492188
6687.725586	1650.40380859375
6692.625000	1645.22509765625
6697.524414	1640.03466796875
6702.423828	1634.83251953125
6707.323242	1629.61828613281
6712.222656	1624.39184570313
6717.122070	1619.15295410156
6722.021484	1613.90161132813
6726.920898	1608.63757324219
6731.820313	1603.36059570313
6736.719727	1598.07067871094
6741.619141	1592.76733398438
6746.518555	1587.45080566406
6751.417969	1582.12048339844
6756.317383	1576.77661132813
6761.216797	1571.41931152344
6766.116211	1566.04907226563
6771.015625	1560.66662597656
6775.915039	1555.2724609375
6780.814453	1549.86694335938
6785.713867	1544.45092773438
6790.613281	1539.02478027344
6795.512695	1533.58898925781
6800.412109	1528.14428710938
6805.311523	1522.69116210938
6810.210938	1517.23010253906
6815.110352	1511.76159667969
6820.009766	1506.28637695313
6824.909180	1500.80493164063
6829.808594	1495.31774902344
6834.708008	1489.82543945313
6839.607422	1484.32849121094
6844.506836	1478.82751464844
6849.406250	1473.32299804688
6854.305664	1467.81555175781
6859.205078	1462.30578613281
6864.104492	1456.79406738281
6869.003906	1451.28100585938
6873.903320	1445.76721191406
6878.802734	1440.25329589844
6883.702148	1434.73962402344
6888.601563	1429.22692871094
6893.500977	1423.71569824219
6898.400391	1418.20642089844
6903.299805	1412.69958496094
6908.199219	1407.19592285156
6913.098633	1401.69592285156
6917.998047	1396.2001953125
6922.897461	1390.70910644531
6927.796875	1385.22326660156
6932.696289	1379.74328613281
6937.595703	1374.26977539063
6942.495117	1368.80310058594
6947.394531	1363.34399414063
6952.293945	1357.89294433594
6957.193359	1352.45043945313
6962.092773	1347.01708984375
6966.992188	1341.59338378906
6971.891602	1336.18005371094
6976.791016	1330.77734375
6981.690430	1325.38610839844
6986.589844	1320.00671386719
6991.489258	1314.6396484375
6996.388672	1309.28576660156
7001.288086	1303.9453125
7006.187500	1298.61889648438
7011.086914	1293.30725097656
7015.986328	1288.01062011719
7020.885742	1282.72985839844
7025.785156	1277.46533203125
7030.684570	1272.21765136719
7035.583984	1266.9873046875
7040.483398	1261.77502441406
7045.382813	1256.58117675781
7050.282227	1251.40625
7055.181641	1246.2509765625
7060.081055	1241.11596679688
7064.980469	1236.00146484375
7069.879883	1230.908203125
7074.779297	1225.83679199219
7079.678711	1220.78771972656
7084.578125	1215.76147460938
7089.477539	1210.7587890625
7094.376953	1205.77990722656
7099.276367	1200.82568359375
7104.175781	1195.896484375
7109.075195	1190.99291992188
7113.974609	1186.11560058594
7118.874023	1181.26489257813
7123.773438	1176.44152832031
7128.672852	1171.64575195313
7133.572266	1166.87683105469
7138.471680	1162.13452148438
7143.371094	1157.41796875
7148.270508	1152.72692871094
7153.169922	1148.060546875
7158.069336	1143.41845703125
7162.968750	1138.80004882813
7167.868164	1134.20483398438
7172.767578	1129.63220214844
7177.666992	1125.08142089844
7182.566406	1120.55224609375
7187.465820	1116.0439453125
7192.365234	1111.55603027344
7197.264648	1107.087890625
7202.164063	1102.63903808594
7207.063477	1098.20874023438
7211.962891	1093.79663085938
7216.862305	1089.40222167969
7221.761719	1085.02465820313
7226.661133	1080.66357421875
7231.560547	1076.31848144531
7236.459961	1071.98864746094
7241.359375	1067.67370605469
7246.258789	1063.37292480469
7251.158203	1059.08581542969
7256.057617	1054.81188964844
7260.957031	1050.55053710938
7265.856445	1046.30114746094
7270.755859	1042.06323242188
7275.655273	1037.83630371094
7280.554688	1033.61962890625
7285.454102	1029.41271972656
7290.353516	1025.21508789063
7295.252930	1021.02612304688
7300.152344	1016.84527587891
7305.051758	1012.67199707031
7309.951172	1008.50573730469
7314.850586	1004.34594726563
7319.750000	1000.19207763672
7324.649414	996.043518066406
7329.548828	991.899719238281
7334.448242	987.760192871094
7339.347656	983.624328613281
7344.247070	979.491577148438
7349.146484	975.361389160156
7354.045898	971.233215332031
7358.945313	967.106506347656
7363.844727	962.980651855469
7368.744141	958.855163574219
7373.643555	954.729431152344
7378.542969	950.602966308594
7383.442383	946.475158691406
7388.341797	942.345520019531
7393.241211	938.21337890625
7398.140625	934.078247070313
7403.040039	929.939575195313
7407.939453	925.796813964844
7412.838867	921.649353027344
7417.738281	917.496704101563
7422.637695	913.338256835938
7427.537109	909.173522949219
7432.436523	905.001831054688
7437.335938	900.82275390625
7442.235352	896.635681152344
7447.134766	892.440002441406
7452.034180	888.235290527344
7456.933594	884.020874023438
7461.833008	879.796203613281
7466.732422	875.560791015625
7471.631836	871.314025878906
7476.531250	867.055419921875
7481.430664	862.784301757813
7486.330078	858.500244140625
7491.229492	854.202575683594
7496.128906	849.890808105469
7501.028320	845.564392089844
7505.927734	841.222778320313
7510.827148	836.865356445313
7515.726563	832.491577148438
7520.625977	828.100891113281
7525.525391	823.692810058594
7530.424805	819.266723632813
7535.324219	814.823608398438
7540.223633	810.368957519531
7545.123047	805.908874511719
7550.022461	801.44970703125
7554.921875	796.997619628906
7559.821289	792.558776855469
7564.720703	788.139404296875
7569.620117	783.745727539063
7574.519531	779.383972167969
7579.418945	775.060302734375
7584.318359	770.781005859375
7589.217773	766.552185058594
7594.117188	762.380126953125
7599.016602	758.27099609375
7603.916016	754.231079101563
7608.815430	750.266479492188
7613.714844	746.383483886719
7618.614258	742.588256835938
7623.513672	738.887023925781
7628.413086	735.286010742188
7633.312500	731.791381835938
7638.211914	728.409423828125
7643.111328	725.146301269531
7648.010742	722.007385253906
7652.910156	718.992004394531
7657.809570	716.096557617188
7662.708984	713.317321777344
7667.608398	710.650695800781
7672.507813	708.093078613281
7677.407227	705.640808105469
7682.306641	703.290222167969
7687.206055	701.037719726563
7692.105469	698.879638671875
7697.004883	696.812377929688
7701.904297	694.832275390625
7706.803711	692.935668945313
7711.703125	691.118957519531
7716.602539	689.378479003906
7721.501953	687.710632324219
7726.401367	686.111694335938
7731.300781	684.578125
7736.200195	683.106262207031
7741.099609	681.692504882813
7745.999023	680.333068847656
7750.898438	679.024475097656
7755.797852	677.763061523438
7760.697266	676.545104980469
7765.596680	675.367004394531
7770.496094	674.225158691406
7775.395508	673.115966796875
7780.294922	672.03564453125
7785.194336	670.980712890625
7790.093750	669.947448730469
7794.993164	668.932189941406
7799.892578	667.931396484375
7804.791992	666.941345214844
7809.691406	665.95849609375
